,hor_1_3,hor_1_5,hor_1_6,hsat2_1_3,hsat3_1_1,bsat_1_1,hsat3_1_3,hsat2_1_6,hsat2_2_5,hor_2_2,mon_3_1,dhor_3_2,hor_3_1,hor_3_2,hsat1_3_1,hsat1_3_2,hsat3_3_1,censat_3_4,hor_3_4,hsat3_4_2,hor_4_1,hsat1_4_2,hor_4_2,hsat1_4_3,hor_4_3,hor_4_4,mon_5_1,hor_5_2,hor_5_5,hsat3_5_1,hor_5_6,hor_5_8,mon_5_5,hor_6_1,dhor_6_1,mon_7_3,hsat3_7_6,mon_7_4,hor_7_1,mon_7_6,hor_7_2,mon_7_7,mon_8_1,hor_8_2,hor_9_1,hsat3_9_2,bsat_9_5,hsat3_9_3,hsat3_10_1,hsat3_10_2,mon_10_1,hor_10_1,hor_10_2,hor_10_3,mon_10_2,hsat3_10_3,hsat3_10_4,hsat2_10_3,mon_11_1,mon_11_3,hor_11_2,mon_11_4,gsat_12_2,mon_12_2,hor_12_2,dhor_12_8,mon_12_6,hsat1_13_1,hsat3_13_2,bsat_13_4,hsat3_13_6,censat_13_13,hsat3_13_7,mon_13_2,hsat3_13_12,censat_13_21,hsat1_13_6,hor_13_3,censat_14_1,censat_14_3,bsat_14_1,hsat3_14_2,hsat3_14_3,bsat_14_5,hsat3_14_7,bsat_14_8,hsat3_14_9,bsat_14_9,hsat3_14_10,mon_14_9,hsat3_14_20,mon_14_11,hsat3_14_21,mon_14_13,hor_14_3,censat_14_47,bsat_15_1,hsat3_15_2,hsat1_15_1,hsat3_15_3,censat_15_7,bsat_15_5,hsat1_15_3,hsat3_15_7,mon_15_1,mon_15_7,hsat3_15_12,hor_15_1,mon_15_11,hor_15_2,hor_15_3,mon_16_1,mon_16_2,hor_16_2,mon_16_6,hsat2_16_15,hsat3_17_1,hsat3_17_2,hsat3_17_4,hor_17_1,hor_17_2,hsat3_17_5,hor_18_1,hor_18_3,hor_18_5,mon_19_2,hor_19_2,hor_19_4,hor_19_8,mon_19_5,hor_20_1,hor_20_2,hor_20_3,mon_20_4,mon_20_5,hor_20_4,mon_20_9,mon_20_15,hsat3_20_3,censat_21_1,bsat_21_1,hsat3_21_2,hsat1_21_1,hsat3_21_3,hsat3_21_4,bsat_21_7,hsat3_21_5,hsat3_21_6,hsat3_21_8,mon_21_2,hsat3_21_14,hsat3_21_17,hsat1_21_4,hor_21_3,censat_22_1,bsat_22_1,hsat3_22_2,hsat1_22_1,hsat3_22_3,censat_22_7,bsat_22_6,hsat1_22_2,hsat3_22_8,hsat3_22_9,bsat_22_8,hsat3_22_10,hsat3_22_11,hor_22_2,bsat_22_12,hor_22_6,hsat3_22_15,hsat3_22_17,hsat3_22_19,mon_22_7,hsat3_22_20,mon_22_9,hor_22_9,censat_22_49,mon_X_5,hor_X_1,mon_X_6,bsat,censat,ct,dhor,gsat,hor,hsat1,hsat2,hsat3,mon,centromere,unique,total
hor_1_3,47029,0,368,0,0,0,0,0,0,0,0,0,0,0,0,0,0,0,0,0,0,0,0,0,0,0,0,0,0,0,0,0,0,0,0,0,0,0,0,0,0,0,0,0,0,0,0,0,0,0,0,0,0,0,0,0,0,0,0,0,0,0,0,0,0,0,0,0,0,0,0,0,0,0,0,0,0,0,0,0,0,0,0,0,0,0,0,0,0,0,0,0,0,0,0,0,0,0,0,0,0,0,0,0,0,0,0,0,0,0,0,0,0,0,0,0,0,0,0,0,0,0,0,0,0,0,0,0,0,0,0,0,0,0,0,0,0,0,0,0,0,0,0,0,0,0,0,0,0,0,0,0,0,0,0,0,0,0,0,0,0,0,0,0,0,0,0,0,0,0,0,0,0,0,0,0,0,0,0,0,0,0,0,0,17,0,3569,0,0,0,0,0,43401,47029
hor_1_5,0,455845,0,0,0,0,0,0,0,0,0,2,0,15,0,0,0,0,1,0,0,0,0,0,0,0,0,16,11309,0,0,0,0,0,0,0,0,0,0,0,21,0,0,0,0,0,0,0,0,0,0,31,3,0,0,0,0,0,0,0,0,0,0,0,0,0,0,0,0,0,0,0,0,0,0,0,0,0,0,0,0,0,0,0,0,0,0,0,0,0,0,0,0,0,0,0,0,0,0,0,0,0,0,0,0,0,0,0,0,0,0,0,0,2140,0,0,0,0,0,0,0,0,0,0,0,0,0,0,51504,0,0,0,0,0,0,0,0,0,0,0,0,0,0,0,0,0,0,0,0,0,0,0,0,0,0,0,0,0,0,0,0,0,0,0,0,0,0,0,0,0,0,0,0,0,0,0,0,0,0,0,0,0,0,0,146,0,54452,0,0,0,0,0,401229,455845
hor_1_6,368,0,32322,0,0,0,0,0,0,0,0,0,0,0,0,0,0,0,0,0,0,0,0,0,0,0,0,0,0,0,0,0,0,0,0,0,0,0,0,0,0,0,0,0,0,0,0,0,0,0,0,0,0,0,0,0,0,0,0,0,2,0,0,0,0,0,0,0,0,0,0,0,0,0,0,0,0,0,0,0,0,0,0,0,0,0,0,0,0,0,0,0,0,0,0,0,0,0,0,0,0,0,0,0,0,0,0,0,0,0,0,0,0,0,0,0,0,0,0,0,26,0,0,0,0,0,0,0,0,0,0,0,0,0,0,0,0,0,0,0,0,0,0,0,0,0,0,0,0,0,0,0,0,0,0,0,0,0,0,0,0,0,0,0,0,0,0,0,0,0,0,0,0,0,0,0,0,0,0,0,0,0,0,0,23,0,1933,0,0,0,0,0,30366,32322
hsat2_1_3,0,0,0,176407,0,0,0,40809,0,0,0,0,0,0,0,0,0,0,0,0,0,0,0,0,0,0,0,0,0,0,0,0,0,0,0,0,0,0,0,0,0,0,0,0,0,0,0,0,0,0,0,0,0,0,0,0,0,3547,0,0,0,0,0,0,0,0,0,0,0,0,0,0,0,0,0,0,0,0,0,0,0,0,0,0,0,0,0,0,0,0,0,0,0,0,0,0,0,0,0,0,0,0,0,0,0,0,0,0,0,0,0,0,0,0,0,0,0,0,0,0,0,0,0,0,0,0,0,0,0,0,0,0,0,0,0,0,0,0,0,0,0,0,0,0,0,0,0,0,0,0,0,0,0,0,0,0,0,0,0,0,0,0,0,0,0,0,0,0,0,0,0,0,0,0,0,0,0,0,0,0,0,0,0,0,0,0,0,0,42699,0,0,0,133678,176407
hsat3_1_1,0,0,0,0,147705,0,0,0,0,0,0,0,0,0,0,0,22,0,0,2,0,0,0,0,0,0,0,0,0,176,0,0,0,0,0,0,117,0,0,0,0,0,0,0,0,147,0,388,0,0,0,0,0,0,0,3210,1336,0,0,0,0,0,0,0,0,0,0,0,49,0,233,0,15,0,0,0,0,0,0,0,0,29,0,0,219,0,50,0,12,0,0,0,0,0,0,0,0,23,0,11,0,0,0,8,0,0,0,0,0,0,0,0,0,0,0,0,3,121,10,0,0,0,0,0,0,0,0,0,0,0,0,0,0,0,0,0,0,0,305,0,0,19,0,32,0,0,39,94,111,0,13,0,0,0,0,0,20,0,31,0,0,0,164,6,0,40,0,0,0,0,0,539,2,0,22,0,0,0,0,0,0,0,0,0,0,0,0,0,0,5430,0,0,142271,147705
bsat_1_1,0,0,0,0,0,475729,0,0,0,0,0,0,0,0,0,0,0,0,0,0,0,0,0,0,0,0,0,0,0,0,0,0,0,0,0,0,0,0,0,0,0,0,0,0,0,0,88,0,0,0,0,0,0,0,0,0,0,0,0,0,0,0,0,0,0,0,0,0,0,3353,0,0,0,0,0,0,0,0,0,0,2420,0,0,3358,0,3657,0,50855,0,0,0,0,0,0,0,0,3011,0,0,0,0,3241,0,0,0,0,0,0,0,0,0,0,0,0,0,0,0,0,0,0,0,0,0,0,0,0,0,0,0,0,0,0,0,0,0,0,0,0,0,0,3036,0,0,0,0,39793,0,0,0,0,0,0,0,0,0,3117,0,0,0,0,4202,0,0,0,2256,0,0,0,12621,0,0,0,0,0,0,0,0,0,0,0,0,91299,0,0,0,0,0,0,0,0,0,0,383061,475729
hsat3_1_3,0,0,0,0,0,0,136207,0,0,0,0,0,0,0,0,0,54,0,0,175,0,0,0,0,0,0,0,0,0,0,0,0,0,0,0,0,0,0,0,0,0,0,0,0,0,5,0,18,0,0,0,0,0,0,0,0,15415,0,0,0,0,0,0,0,0,0,0,0,15,0,3,0,167,0,0,0,0,0,0,0,0,10,74,0,0,0,0,0,5660,0,0,0,26,0,0,0,0,0,0,82,0,0,0,0,0,0,0,0,0,0,0,0,0,0,0,0,0,0,0,0,0,0,0,0,0,0,0,0,0,0,0,0,0,0,0,0,0,0,4,0,0,0,0,15,14596,0,0,3,0,0,0,0,0,0,0,0,0,0,82,0,0,0,0,0,0,40,0,0,0,0,0,13,0,0,15,0,0,0,0,0,0,0,0,0,0,0,0,0,0,30137,0,0,106070,136207
hsat2_1_6,0,0,0,40809,0,0,0,856807,0,0,0,0,0,0,0,0,0,0,0,0,0,0,0,0,0,0,0,0,0,0,0,0,0,0,0,0,0,0,0,0,0,0,0,0,0,0,0,0,0,0,0,0,0,0,0,0,0,6473,0,0,0,0,0,0,0,0,0,0,0,0,0,0,0,0,0,0,0,0,0,0,0,0,0,0,0,0,0,0,0,0,0,0,0,0,0,0,0,0,0,0,0,0,0,0,0,0,0,0,0,0,0,0,0,0,0,11,0,0,0,0,0,0,0,0,0,0,0,0,0,0,0,0,0,0,0,0,0,0,0,0,0,0,0,0,0,0,0,0,0,0,0,0,0,0,0,0,0,0,0,0,0,0,0,0,0,0,0,0,0,0,0,0,0,0,0,0,0,0,0,0,0,0,0,22,0,0,0,0,71719,0,0,0,784957,856807
hsat2_2_5,0,0,0,0,0,0,0,0,228785,0,0,0,0,0,0,0,0,0,0,0,0,0,0,0,0,0,0,0,0,0,0,0,0,0,0,0,0,0,0,0,0,0,0,0,0,0,0,0,0,0,0,0,0,0,0,0,0,0,0,0,0,0,0,0,0,0,0,0,0,0,0,0,0,0,0,0,0,0,0,0,0,0,0,0,0,0,6,0,0,0,0,0,0,0,0,0,0,0,0,0,0,0,0,0,0,0,0,0,0,0,0,0,0,0,0,0,0,0,0,0,0,0,0,0,0,0,0,0,0,0,0,0,0,0,0,0,0,0,0,0,0,0,0,0,0,0,0,0,0,0,0,0,0,0,0,0,0,0,0,0,0,0,0,0,0,0,0,0,0,0,0,0,0,0,0,0,0,0,0,0,0,0,0,0,0,0,0,0,2133,6,0,0,226646,228785
hor_2_2,0,0,0,0,0,0,0,0,0,324734,0,0,0,0,0,0,0,0,0,0,2,0,2,0,4,0,0,0,0,0,0,0,0,0,0,0,0,0,0,0,0,0,0,9,20,0,0,0,0,0,0,0,0,0,0,0,0,0,0,0,0,0,0,0,0,0,0,0,0,0,0,0,0,0,0,0,0,0,0,0,0,0,0,0,0,0,0,0,0,0,0,0,0,0,0,0,0,0,0,0,0,0,0,0,0,0,0,0,0,0,0,0,0,0,0,0,0,0,0,0,0,0,0,9,0,0,0,0,0,0,0,1231,0,0,0,0,0,0,0,0,0,0,0,0,0,0,0,0,0,0,0,0,0,0,0,0,0,0,0,0,0,0,0,0,0,0,0,0,0,0,0,0,0,0,0,0,0,0,0,0,0,0,0,0,219,0,1901,0,0,0,0,0,322576,324734
mon_3_1,0,0,0,0,0,0,0,0,0,0,178072,0,0,0,0,0,0,0,0,0,0,0,0,0,0,0,54,0,0,0,0,0,62,0,0,3,0,17,0,17,0,14,15,0,0,0,0,0,0,0,69,0,0,0,2,0,0,0,66,32,0,15,0,0,0,5,47,0,0,0,0,0,0,19,0,0,0,0,0,0,0,0,0,0,0,0,0,0,0,19,0,7,0,0,0,0,0,0,0,0,0,0,0,0,7,30,0,0,13,0,0,0,0,0,14,0,0,0,0,0,0,0,0,0,0,0,0,0,0,67,0,0,0,3,35,6,0,5,0,0,0,0,0,0,0,0,0,0,0,19,0,0,0,0,0,0,0,0,0,0,0,0,0,0,0,0,0,0,0,0,0,0,0,0,0,3,0,0,26,0,23,0,0,0,68,0,8,0,0,0,362,0,177616,178072
dhor_3_2,0,2,0,0,0,0,0,0,0,0,0,204445,2359,1,0,0,0,0,0,0,0,0,0,0,0,0,0,0,0,0,0,0,0,0,652,0,0,0,0,0,0,0,0,0,0,0,0,0,0,0,0,0,0,0,0,0,0,0,0,0,0,0,0,0,0,0,1,0,0,0,0,0,0,0,0,0,0,0,0,0,0,0,0,0,0,0,0,0,0,0,0,0,0,0,0,0,0,0,0,0,0,0,0,0,0,0,0,0,0,0,0,0,0,0,0,0,0,0,0,0,0,0,0,0,0,0,0,0,2,0,0,0,0,0,0,0,0,0,0,0,0,0,0,0,0,0,0,0,0,0,0,0,0,0,0,0,0,0,0,0,0,0,0,0,0,0,0,0,0,0,0,0,0,0,0,0,0,0,0,0,0,0,0,0,868,0,2364,0,0,0,9,0,201204,204445
hor_3_1,0,0,0,0,0,0,0,0,0,0,0,2359,175586,0,0,0,0,0,0,0,0,0,0,0,0,0,0,0,0,0,0,0,0,0,13,0,0,0,0,0,0,0,0,0,0,0,0,0,0,0,0,0,0,0,0,0,0,0,0,0,0,0,0,0,0,0,0,0,0,0,0,0,0,0,0,0,0,0,0,0,0,0,0,0,0,0,0,0,0,0,0,0,0,0,0,0,0,0,0,0,0,0,0,0,0,0,0,0,0,0,0,0,0,0,0,0,0,0,0,0,0,0,0,0,0,0,0,0,0,0,0,0,0,0,0,0,0,0,0,0,0,0,0,0,0,0,0,0,0,0,0,0,0,0,0,0,0,0,0,0,0,0,0,0,0,0,0,0,0,0,0,0,0,0,0,0,0,0,0,0,0,0,0,0,2375,0,0,0,0,0,0,0,173138,175586
hor_3_2,0,15,0,0,0,0,0,0,0,0,0,1,0,59521,0,0,0,0,8068,0,0,0,0,0,0,0,0,0,0,0,0,0,0,0,0,0,0,0,0,0,1,0,0,0,0,0,0,0,0,0,0,45,6,0,0,0,0,0,0,0,0,0,0,0,0,0,0,0,0,0,0,0,0,0,0,0,0,0,0,0,0,0,0,0,0,0,0,0,0,0,0,0,0,0,0,0,0,0,0,0,0,0,0,0,0,0,0,0,0,0,0,0,0,22,0,0,0,0,0,0,0,0,0,0,0,0,0,0,2,0,0,0,0,0,0,0,0,0,0,0,0,0,0,0,0,0,0,0,0,0,0,0,0,0,0,0,0,0,0,0,0,0,0,0,0,0,0,0,0,0,0,0,0,0,0,0,0,0,0,0,0,0,0,0,159,0,7834,0,0,0,0,0,51506,59521
hsat1_3_1,0,0,0,0,0,0,0,0,0,0,0,0,0,0,42812,18597,0,0,0,0,0,0,0,0,0,0,0,0,0,0,0,0,0,0,0,0,0,0,0,0,0,0,0,0,0,0,0,0,0,0,0,0,0,0,0,0,0,0,0,0,0,0,0,0,0,0,0,15749,0,0,0,0,0,0,0,0,0,0,0,0,0,0,0,0,0,0,0,0,0,0,0,0,0,0,0,0,0,0,7793,0,0,0,0,0,0,0,0,0,0,0,0,0,0,0,0,0,0,0,0,0,0,0,0,0,0,0,0,0,0,0,0,0,0,0,0,0,0,0,0,0,0,0,8936,0,0,0,0,0,0,0,0,0,9,0,0,0,0,10583,0,0,0,0,0,0,0,0,0,0,0,0,0,0,0,0,0,0,0,0,0,0,0,0,0,0,0,0,0,22396,0,0,0,0,20416,42812
hsat1_3_2,0,0,0,0,0,0,0,0,0,0,0,0,0,0,18597,294590,0,0,0,0,0,0,0,0,0,0,0,0,0,0,0,0,0,0,0,0,0,0,0,0,0,0,0,0,0,0,0,0,0,0,0,0,0,0,0,0,0,0,0,0,0,0,0,0,0,0,0,65325,0,0,0,0,0,0,0,0,0,0,0,0,0,0,0,0,0,0,0,0,0,0,0,0,0,0,0,0,0,0,23393,0,0,0,0,0,0,0,0,0,0,0,0,0,0,0,0,0,0,0,0,0,0,0,0,0,0,0,0,0,0,0,0,0,0,0,0,0,0,0,0,0,0,0,33168,0,0,0,0,0,0,0,0,0,42,0,0,0,0,39701,0,0,0,0,0,0,0,0,0,0,0,0,0,0,0,0,0,0,0,0,0,0,0,0,0,0,0,0,0,82807,0,0,0,0,211778,294590
hsat3_3_1,0,0,0,0,22,0,54,0,0,0,0,0,0,0,0,0,142661,0,0,12637,0,0,0,0,0,0,0,0,0,2,0,0,0,0,0,0,7,0,0,0,0,0,0,0,0,3,0,102,0,0,0,0,0,0,0,34,30,0,0,0,0,0,0,0,0,0,0,0,77328,0,5,0,11908,0,0,0,0,0,0,0,0,0,67003,0,12,0,0,0,12,0,0,0,0,0,0,0,0,0,0,59423,0,0,0,0,0,0,0,0,0,0,0,0,0,0,0,0,0,25,5,0,0,2,0,0,0,0,0,0,0,0,0,0,0,0,0,0,0,0,61,0,0,19,0,75840,101,0,8,17,12,0,0,0,0,0,0,0,28,0,59731,0,0,0,11,7794,0,76,7,0,0,0,0,2,10,0,0,0,0,0,0,0,0,0,0,0,0,0,0,0,0,112356,0,0,30266,142661
censat_3_4,0,0,0,0,0,0,0,0,0,0,0,0,0,0,0,0,0,13433,0,0,0,0,0,0,0,0,0,0,0,0,0,0,0,0,0,0,0,0,0,0,0,0,0,0,0,0,0,0,0,0,0,0,0,0,0,0,0,0,0,0,0,0,0,0,0,0,0,0,0,0,0,0,0,0,0,0,0,0,1460,0,0,0,0,0,0,0,0,0,0,0,0,0,0,0,0,0,0,0,0,0,6435,0,0,0,0,0,0,0,0,0,0,0,0,0,0,0,0,0,0,0,0,0,0,0,0,0,0,0,0,0,0,0,0,0,0,0,0,0,0,1064,0,0,0,0,0,0,0,0,0,0,0,0,0,0,1401,0,0,0,0,5561,0,0,0,0,0,0,0,0,0,0,0,0,0,0,0,0,0,0,0,0,0,0,5760,885,0,0,0,0,0,0,0,0,6525,13433
hor_3_4,0,1,0,0,0,0,0,0,0,0,0,0,0,8068,0,0,0,0,63424,0,0,0,0,0,0,0,0,11,0,0,0,0,0,0,0,0,0,0,0,0,2,0,0,0,0,0,0,0,0,0,0,63,12,2,0,0,0,0,0,0,0,0,0,0,0,0,0,0,0,0,0,0,0,0,0,0,0,0,0,0,0,0,0,0,0,0,0,0,0,0,0,0,0,0,0,0,0,0,0,0,0,0,0,0,0,0,0,0,0,0,0,0,0,9,0,0,0,0,0,0,0,0,0,0,0,0,0,0,0,0,0,0,0,0,0,0,0,0,0,0,0,0,0,0,0,0,0,0,0,0,0,0,0,0,0,0,0,0,0,0,0,0,0,0,0,0,0,0,0,0,0,0,0,0,0,0,0,0,0,0,0,0,0,0,154,0,8319,0,0,0,0,0,54940,63424
hsat3_4_2,0,0,0,0,2,0,175,0,0,0,0,0,0,0,0,0,12637,0,0,106808,0,0,0,0,0,0,0,0,0,8,0,0,0,0,0,0,8,0,0,0,0,0,0,0,0,7,0,195,0,0,0,0,0,0,0,0,72,0,0,0,0,0,0,0,0,0,0,0,15340,0,5,0,39254,0,0,0,0,0,0,0,0,0,11323,0,10,0,9,0,82,0,0,0,10,0,0,0,0,0,0,12518,0,0,0,0,0,0,0,0,0,0,0,0,0,0,0,0,0,5,0,0,0,3,0,0,0,0,0,0,0,0,0,0,0,0,0,0,0,0,16,0,0,0,0,15266,211,0,8,3,0,0,0,0,0,0,0,0,1,0,12782,0,0,0,5,11370,0,37,2,0,0,0,0,5,0,0,5,0,0,0,0,0,0,0,0,0,0,0,0,0,0,50837,0,0,55932,106808
hor_4_1,0,0,0,0,0,0,0,0,0,2,0,0,0,0,0,0,0,0,0,0,59018,0,16567,0,5328,0,0,0,0,0,0,0,0,0,0,0,0,0,0,0,0,0,0,0,377,0,0,0,0,0,0,0,0,0,0,0,0,0,0,0,0,0,0,0,0,0,0,0,0,0,0,0,0,0,0,0,0,0,0,0,0,0,0,0,0,0,0,0,0,0,0,0,0,0,0,0,0,0,0,0,0,0,0,0,0,0,0,0,0,0,35,0,0,0,0,0,0,0,0,0,0,0,0,3,21,0,0,0,0,0,44,19,0,0,0,0,0,0,0,0,0,0,0,0,0,0,0,0,0,0,0,0,0,0,0,0,0,0,0,0,0,0,0,0,0,0,0,0,0,0,0,0,0,0,0,0,0,0,0,0,0,0,0,0,26,0,17748,0,0,0,0,0,41244,59018
hsat1_4_2,0,0,0,0,0,0,0,0,0,0,0,0,0,0,0,0,0,0,0,0,0,197846,0,22034,0,0,0,0,0,0,0,0,0,0,0,0,0,0,0,0,0,0,0,0,0,0,0,0,0,0,0,0,0,0,0,0,0,0,0,0,0,0,0,0,0,0,0,0,0,0,0,0,0,0,0,0,32,0,0,0,0,0,0,0,0,0,0,0,0,0,0,0,0,0,0,0,0,0,0,0,0,0,0,0,0,0,0,0,0,0,0,0,0,0,0,0,0,0,0,0,0,0,0,0,0,0,0,0,0,0,0,0,0,0,0,0,0,0,0,0,0,0,0,0,0,0,0,0,0,0,0,0,54,0,0,0,0,0,0,0,0,0,0,0,0,0,0,0,0,0,0,0,0,0,0,0,0,0,0,0,0,0,0,0,0,0,0,22830,0,0,0,0,175001,197846
hor_4_2,0,0,0,0,0,0,0,0,0,2,0,0,0,0,0,0,0,0,0,0,16567,0,105409,0,8730,0,0,0,0,0,0,0,0,0,0,0,0,0,0,0,0,0,0,0,650,0,0,0,0,0,0,0,0,0,0,0,0,0,0,0,0,0,0,0,0,0,0,0,0,0,0,0,0,0,0,0,0,0,0,0,0,0,0,0,0,0,0,0,0,0,0,0,0,0,0,0,0,0,0,0,0,0,0,0,0,0,0,0,0,0,44,0,0,0,0,0,0,0,0,0,0,0,0,0,0,0,0,0,0,0,52,15,0,0,0,0,0,0,0,0,0,0,0,0,0,0,0,0,0,0,0,0,0,0,0,0,0,0,0,0,0,0,0,0,0,0,0,0,0,0,0,0,0,0,0,0,0,0,0,0,0,0,0,0,78,0,17967,0,0,0,0,0,87341,105409
hsat1_4_3,0,0,0,0,0,0,0,0,0,0,0,0,0,0,0,0,0,0,0,0,0,22034,0,65832,0,0,0,0,0,0,0,0,0,0,0,0,0,0,0,0,0,0,0,0,0,0,0,0,0,0,0,0,0,0,0,0,0,0,0,0,0,0,0,0,0,0,0,0,0,0,0,0,0,0,0,0,41,0,0,0,0,0,0,0,0,0,0,0,0,0,0,0,0,0,0,0,0,0,0,0,0,0,0,0,0,0,0,0,0,0,0,0,0,0,0,0,0,0,0,0,0,0,0,0,0,0,0,0,0,0,0,0,0,0,0,0,0,0,0,0,0,0,0,0,0,0,0,0,0,0,0,0,22,0,0,0,0,0,0,0,0,0,0,0,0,0,0,0,0,0,0,0,0,0,0,0,0,0,0,0,0,0,0,0,0,0,0,22291,0,0,0,0,43541,65832
hor_4_3,0,0,0,0,0,0,0,0,0,4,0,0,0,0,0,0,0,0,0,0,5328,0,8730,0,57996,0,0,0,0,0,0,0,0,0,0,0,0,0,0,0,0,0,0,0,333,0,0,0,0,0,0,0,0,0,0,0,0,0,0,0,0,0,0,0,0,0,0,0,0,0,0,0,0,0,0,0,0,0,0,0,0,0,0,0,0,0,0,0,0,0,0,0,0,0,0,0,0,0,0,0,0,0,0,0,0,0,0,0,0,0,18,0,0,0,0,0,0,0,0,0,0,0,0,0,0,0,0,0,0,0,26,4,0,0,0,0,0,0,0,0,0,0,0,0,0,0,0,0,0,0,0,0,0,0,0,0,0,0,0,0,0,0,0,0,0,0,0,0,0,0,0,0,0,0,0,0,0,0,0,0,0,0,0,0,27,0,9922,0,0,0,0,0,48047,57996
hor_4_4,0,0,0,0,0,0,0,0,0,0,0,0,0,0,0,0,0,0,0,0,0,0,0,0,0,12955,0,0,0,0,0,0,0,0,0,0,0,0,0,0,0,0,0,0,0,0,0,0,0,0,0,0,0,0,0,0,0,0,0,0,0,0,0,0,0,0,0,0,0,0,0,0,0,0,0,0,0,0,0,0,0,0,0,0,0,0,0,0,0,0,0,0,0,0,0,0,0,0,0,0,0,0,0,0,0,0,0,0,0,0,0,0,0,0,0,0,0,0,0,0,0,0,0,0,0,0,0,0,0,0,0,0,0,0,0,0,0,0,0,0,0,0,0,0,0,0,0,0,0,0,0,0,0,0,0,0,0,0,0,0,0,0,0,0,0,0,0,0,0,0,0,0,0,0,0,0,0,0,0,0,0,0,0,0,0,0,0,0,0,0,0,0,12955,12955
mon_5_1,0,0,0,0,0,0,0,0,0,0,54,0,0,0,0,0,0,0,0,0,0,0,0,0,0,0,433852,0,0,0,0,0,10,0,6,0,0,0,0,6,0,23,17,0,0,0,0,0,0,0,35,0,0,0,1,0,0,0,59,25,0,27,0,7,0,24,10,0,0,0,0,0,0,8,0,0,0,0,0,0,0,0,0,0,0,0,0,0,0,8,0,0,0,0,0,0,0,0,0,0,0,0,0,0,0,8,0,0,0,0,0,0,0,0,26,0,0,0,0,0,0,0,0,0,0,0,0,0,0,26,0,0,0,9,3,15,12,0,0,0,0,0,0,0,0,0,0,0,0,8,0,0,0,0,0,0,0,0,0,0,0,0,0,0,0,0,0,0,0,0,0,0,0,0,0,0,0,0,25,0,35,0,0,0,80,0,12,0,0,0,339,3,433418,433852
hor_5_2,0,16,0,0,0,0,0,0,0,0,0,0,0,0,0,0,0,0,11,0,0,0,0,0,0,0,0,25949,78,0,0,0,0,0,0,0,0,0,0,0,0,0,0,0,0,0,0,0,0,0,0,0,0,0,0,0,0,0,0,0,0,0,0,0,0,0,0,0,0,0,0,0,0,0,0,0,0,0,0,0,0,0,0,0,0,0,0,0,0,0,0,0,0,0,0,0,0,0,0,0,0,0,0,0,0,0,0,0,0,0,0,0,0,65,0,0,0,0,0,0,0,0,0,0,0,0,0,0,10,0,0,0,0,0,0,0,0,0,0,0,0,0,0,0,0,0,0,0,0,0,0,0,0,0,0,0,0,0,0,0,0,0,0,0,0,0,0,0,0,0,0,0,0,0,0,0,0,0,0,0,0,0,0,0,0,0,5207,0,0,0,0,0,20700,25949
hor_5_5,0,11309,0,0,0,0,0,0,0,0,0,0,0,0,0,0,0,0,0,0,0,0,0,0,0,0,0,78,208541,0,0,0,0,0,0,0,0,0,0,0,0,0,0,0,0,0,0,0,0,0,0,15,0,0,0,0,0,0,0,0,0,0,0,0,7,0,0,0,0,0,0,0,0,0,0,0,0,0,0,0,0,0,0,0,0,0,0,0,0,0,0,0,0,0,0,0,0,0,0,0,0,0,0,0,0,0,0,0,0,0,0,0,0,1146,0,0,0,0,0,0,0,0,0,0,0,0,0,0,13318,0,0,0,0,0,0,0,0,0,0,0,0,0,0,0,0,0,0,0,0,0,0,0,0,0,0,0,0,0,0,0,0,0,0,0,0,0,0,0,0,0,0,0,0,0,0,0,0,0,0,0,0,0,0,0,93,0,20505,0,0,0,0,0,187913,208541
hsat3_5_1,0,0,0,0,176,0,0,0,0,0,0,0,0,0,0,0,2,0,0,8,0,0,0,0,0,0,0,0,0,225199,0,0,0,0,0,0,128,0,0,0,0,0,0,0,0,2636,0,2279,0,0,0,0,0,0,0,149,118,0,0,0,0,0,0,0,0,0,0,0,79,0,159,0,5,0,9,0,0,0,0,0,0,118,0,0,150,0,54,0,17,0,7,0,2,0,0,0,0,82,0,0,0,0,0,18,0,0,5,0,0,0,0,0,0,0,0,0,3,149,25,0,0,9,0,0,0,0,0,0,0,0,0,0,0,0,0,0,0,0,371,0,0,38,0,42,5,0,26,152,163,0,7,0,0,0,0,0,131,0,7,0,0,0,237,4,0,20,17,0,0,0,2,85,2,0,19,0,0,0,0,0,0,0,0,0,0,0,0,0,0,6320,0,0,218873,225199
hor_5_6,0,0,0,0,0,0,0,0,0,0,0,0,0,0,0,0,0,0,0,0,0,0,0,0,0,0,0,0,0,0,64139,0,0,0,0,0,0,0,0,0,0,0,0,0,0,0,0,0,0,0,0,0,0,0,0,0,0,0,0,0,0,0,0,0,0,4,0,0,0,0,0,0,0,0,0,0,0,0,0,0,0,0,0,0,0,0,0,0,0,0,0,0,0,0,0,0,0,0,0,0,0,0,0,0,0,0,0,0,0,0,0,0,0,0,0,0,0,0,0,0,0,0,0,0,0,0,0,1,0,0,0,0,0,0,0,0,0,0,0,0,0,0,0,0,0,0,0,0,0,0,0,0,0,0,0,0,0,0,0,0,0,0,0,0,0,0,0,0,0,0,0,0,0,0,0,0,0,0,0,0,25,0,0,0,96,0,1801,0,0,0,82,10,62128,64139
hor_5_8,0,0,0,0,0,0,0,0,0,0,0,0,0,0,0,0,0,0,0,0,0,0,0,0,0,0,0,0,0,0,0,60360,0,0,0,0,0,0,0,0,0,0,0,0,0,0,0,0,0,0,0,0,0,0,0,0,0,0,0,0,0,0,0,0,0,0,0,0,0,0,0,0,0,0,0,0,0,0,0,0,0,0,0,0,0,0,0,0,0,0,0,0,0,0,0,0,0,0,0,0,0,0,0,0,0,0,0,0,0,0,0,0,0,0,0,0,0,0,0,0,0,0,0,0,0,0,3473,0,0,0,0,0,0,0,0,0,0,0,0,0,0,0,0,0,0,0,0,0,0,0,0,0,0,0,0,0,0,0,0,0,0,0,0,0,0,0,0,0,0,0,0,0,0,0,0,0,0,0,0,0,0,0,0,0,0,0,3884,0,0,0,0,0,56431,60360
mon_5_5,0,0,0,0,0,0,0,0,0,0,62,0,0,0,0,0,0,0,0,0,0,0,0,0,0,0,10,0,0,0,0,0,87839,0,0,16,0,34,0,34,0,13,8,0,0,0,0,0,0,0,41,0,0,0,0,0,0,0,44,20,0,1,0,0,0,0,42,0,0,0,0,0,0,20,0,0,0,0,0,0,0,0,0,0,0,0,0,0,0,4,0,0,0,16,0,0,0,0,0,0,0,0,0,0,6,27,0,0,9,0,0,0,0,0,14,0,0,0,0,0,0,0,0,0,0,4,0,0,0,30,0,0,0,7,26,0,5,0,0,0,0,0,0,0,0,0,0,0,0,2,0,0,0,0,0,0,0,0,0,0,0,0,0,0,0,0,0,0,0,0,0,0,0,10,0,18,0,0,8,0,23,0,0,0,22,0,0,0,0,0,193,0,87612,87839
hor_6_1,0,0,0,0,0,0,0,0,0,0,0,0,0,0,0,0,0,0,0,0,0,0,0,0,0,0,0,0,0,0,0,0,0,67725,33,0,0,0,0,0,0,0,0,0,0,0,0,0,0,0,0,0,0,0,0,0,0,0,0,0,0,0,0,0,0,0,0,0,0,0,0,0,0,0,0,0,0,0,0,0,0,0,0,0,0,0,0,0,0,0,0,0,0,0,0,0,0,0,0,0,0,0,0,0,0,0,0,0,0,0,0,0,0,0,0,0,0,0,0,0,0,0,0,0,0,0,0,0,0,0,0,0,0,0,0,0,0,0,0,0,0,0,0,0,0,0,0,0,0,0,0,0,0,0,0,0,0,0,0,0,0,0,0,0,0,0,0,0,0,0,0,0,0,0,0,0,0,0,0,0,0,0,0,0,33,0,0,0,0,0,0,0,67690,67725
dhor_6_1,0,0,0,0,0,0,0,0,0,0,0,652,13,0,0,0,0,0,0,0,0,0,0,0,0,0,6,0,0,0,0,0,0,33,316662,0,0,0,0,0,0,0,0,0,0,0,0,0,0,0,0,0,0,0,0,0,0,0,3,0,0,0,0,0,2,0,0,0,0,0,0,0,0,0,0,0,0,0,0,0,0,0,0,0,0,0,0,0,0,0,0,0,0,0,0,0,0,0,0,0,0,0,0,0,0,0,0,0,0,0,0,0,0,0,0,0,0,0,0,0,0,0,0,0,0,0,0,0,4,2,0,0,0,12,0,0,0,0,0,0,0,0,0,0,0,0,0,0,0,0,0,0,0,0,0,0,0,0,0,0,0,0,0,0,0,0,0,0,0,0,0,0,0,0,0,0,0,0,0,0,30,0,0,0,802,0,52,0,0,0,64,0,315568,316662
mon_7_3,0,0,0,0,0,0,0,0,0,0,3,0,0,0,0,0,0,0,0,0,0,0,0,0,0,0,0,0,0,0,0,0,16,0,0,131170,0,16,0,18,0,35,11,0,0,0,0,0,0,0,27,0,0,0,0,0,0,0,14,21,0,18,0,0,0,1,54,0,0,0,0,0,0,11,0,0,0,0,0,0,0,0,0,0,0,0,0,0,0,18,0,20,0,46,0,0,0,0,0,0,0,0,0,0,0,49,0,0,45,0,0,0,0,0,41,0,0,0,0,0,0,0,0,0,0,28,0,0,0,24,0,0,0,45,48,0,16,5,0,0,0,0,0,0,0,0,0,0,0,11,0,0,0,0,0,0,0,0,0,0,0,0,0,0,0,0,0,0,0,0,0,0,0,51,0,46,0,0,28,0,63,0,0,0,15,0,0,0,0,0,604,0,130520,131170
hsat3_7_6,0,0,0,0,117,0,0,0,0,0,0,0,0,0,0,0,7,0,0,8,0,0,0,0,0,0,0,0,0,128,0,0,0,0,0,0,144892,0,0,0,0,0,0,0,0,114,0,453,0,0,0,0,0,0,0,90,21,0,0,0,0,0,0,0,0,0,0,0,53,0,153,0,15,0,43,0,0,0,0,0,0,21,17,0,124,0,28,0,20,0,17,0,0,0,0,0,0,28,0,41,0,0,0,1,0,0,23,0,0,0,0,0,0,0,0,0,0,96,29,0,0,13,0,0,0,0,0,0,0,0,0,0,0,0,0,0,0,0,260,0,0,33,0,19,0,0,15,74,92,0,17,5,0,0,0,0,46,0,43,0,0,0,81,0,0,45,0,0,0,0,0,58,2,0,12,0,0,0,0,0,0,0,0,0,0,0,0,0,0,955,0,0,143931,144892
mon_7_4,0,0,0,0,0,0,0,0,0,0,17,0,0,0,0,0,0,0,0,0,0,0,0,0,0,0,0,0,0,0,0,0,34,0,0,16,0,188087,0,129654,0,17,0,0,0,0,0,0,0,0,15,0,0,0,0,0,0,0,62,7,0,7,0,0,0,7,30,0,0,0,0,0,0,0,0,0,0,0,0,0,0,0,0,0,0,0,0,0,0,0,0,7,0,14,0,0,0,0,0,0,0,0,0,0,0,28,0,0,8,0,0,3763,2981,0,37,0,0,0,0,0,0,0,0,0,0,6,0,0,0,48,0,0,0,10,34,0,16,23,0,0,0,0,0,0,0,0,0,0,0,0,0,0,0,0,0,0,0,0,0,0,0,0,0,0,0,0,0,0,0,0,0,0,0,7,0,14,0,0,0,0,44,0,0,0,7,0,12,0,0,0,132826,0,55241,188087
hor_7_1,0,0,0,0,0,0,0,0,0,0,0,0,0,0,0,0,0,0,0,0,0,0,0,0,0,0,0,0,0,0,0,0,0,0,0,0,0,0,44666,1027,0,0,0,0,0,0,0,0,0,0,0,0,0,0,0,0,0,0,0,0,0,0,0,0,0,0,0,0,0,0,0,0,0,0,0,0,0,0,0,0,0,0,0,0,0,0,0,0,0,0,0,0,0,0,0,0,0,0,0,0,0,0,0,0,0,0,0,0,0,0,0,0,0,0,0,0,0,0,0,0,0,0,0,0,0,0,0,0,0,0,0,0,0,0,0,0,0,0,0,0,0,0,0,0,0,0,0,0,0,0,0,0,0,0,0,0,0,0,0,0,0,0,0,0,0,0,0,0,0,0,0,0,0,0,0,0,0,0,0,0,0,0,0,0,0,0,0,0,0,0,1030,0,43636,44666
mon_7_6,0,0,0,0,0,0,0,0,0,0,17,0,0,0,0,0,0,0,0,0,0,0,0,0,0,0,6,0,0,0,0,0,34,0,0,18,0,129654,1027,332882,0,17,0,0,0,0,0,0,0,0,15,0,0,0,0,0,0,0,46,7,0,10,0,0,0,7,30,0,0,0,0,0,0,1,0,0,0,0,0,0,0,0,0,0,0,0,0,0,0,1,0,10,0,14,0,0,0,0,0,0,0,0,0,0,3,30,0,0,8,0,0,8411,13231,0,45,0,0,0,0,0,0,0,0,0,0,6,0,0,0,52,0,0,0,12,34,6,16,23,0,0,0,0,0,0,0,0,0,0,0,1,0,0,0,0,0,0,0,0,0,0,0,0,0,0,0,0,0,0,0,0,0,0,0,7,0,14,0,0,3,0,55,0,0,0,11,0,1045,0,0,0,143180,0,188642,332882
hor_7_2,0,21,0,0,0,0,0,0,0,0,0,0,0,1,0,0,0,0,2,0,0,0,0,0,0,0,0,0,0,0,0,0,0,0,0,0,0,0,0,0,172666,0,0,0,0,0,0,0,0,0,0,121,16,0,0,0,0,0,0,0,0,0,0,0,3,0,0,0,0,0,0,0,0,0,0,0,0,0,0,0,0,0,0,0,0,0,0,0,0,0,0,0,0,0,0,0,0,0,0,0,0,0,0,0,0,0,0,0,0,0,0,0,0,0,0,0,0,0,0,0,0,0,0,0,0,0,0,0,0,0,0,0,0,0,0,0,0,0,0,0,0,0,0,0,0,0,0,0,0,0,0,0,0,0,0,0,0,0,0,0,0,0,0,0,0,0,0,0,0,0,0,0,0,0,0,0,0,0,0,0,0,0,0,0,22,0,100,0,0,0,0,0,172544,172666
mon_7_7,0,0,0,0,0,0,0,0,0,0,14,0,0,0,0,0,0,0,0,0,0,0,0,0,0,0,23,0,0,0,0,0,13,0,0,35,0,17,0,17,0,393195,12,0,0,0,0,0,0,0,20,0,0,0,7,0,0,0,72,26,0,46,0,11,0,3,33,0,0,0,0,0,0,0,0,0,0,0,0,0,0,0,0,0,0,0,0,0,0,0,0,0,0,4,0,0,0,0,0,0,0,0,0,0,0,27,0,0,8,0,0,0,0,0,41,0,0,0,0,0,0,0,0,0,0,3,0,0,0,33,0,0,0,15,33,3,0,0,0,0,0,0,0,0,0,0,0,0,0,0,0,0,0,0,0,0,0,0,0,0,0,0,0,0,0,0,0,0,0,0,0,0,0,0,0,2,0,0,1,0,42,0,0,0,18,0,0,0,0,0,334,3,392836,393195
mon_8_1,0,0,0,0,0,0,0,0,0,0,15,0,0,0,0,0,0,0,0,0,0,0,0,0,0,0,17,0,0,0,0,0,8,0,0,11,0,0,0,0,0,12,314572,0,0,0,0,0,0,0,9,0,0,0,0,0,0,0,22,0,0,5,0,0,0,1,0,0,0,0,0,0,0,0,0,0,0,0,0,0,0,0,0,0,0,0,0,0,0,0,0,0,0,0,0,0,0,0,0,0,0,0,0,0,0,22,0,0,0,0,0,0,0,0,26,0,0,0,0,0,0,0,0,0,0,0,0,0,0,17,0,0,0,15,0,0,0,0,0,0,0,0,0,0,0,0,0,0,0,0,0,0,0,0,0,0,0,0,0,0,0,0,0,0,0,0,0,0,0,0,0,0,0,0,0,0,0,0,0,0,23,0,0,0,8,0,0,0,0,0,80,0,314471,314572
hor_8_2,0,0,0,0,0,0,0,0,0,9,0,0,0,0,0,0,0,0,0,0,0,0,0,0,0,0,0,0,0,0,0,0,0,0,0,0,0,0,0,0,0,0,0,136247,0,0,0,0,0,0,0,0,0,0,0,0,0,0,0,0,0,0,0,0,0,0,0,0,0,0,0,0,0,0,0,0,0,0,0,0,0,0,0,0,0,0,0,0,0,0,0,0,0,0,0,0,0,0,0,0,0,0,0,0,0,0,0,0,0,0,0,0,0,0,0,0,0,0,0,0,0,0,0,27,0,0,0,0,0,0,0,14,0,0,0,0,0,0,0,0,0,0,0,0,0,0,0,0,0,0,0,0,0,0,0,0,0,0,0,0,0,0,0,0,0,0,0,0,0,0,0,0,0,0,0,0,0,0,0,0,0,0,0,0,0,0,745,0,0,0,0,0,135502,136247
hor_9_1,0,0,0,0,0,0,0,0,0,20,0,0,0,0,0,0,0,0,0,0,377,0,650,0,333,0,0,0,0,0,0,0,0,0,0,0,0,0,0,0,0,0,0,0,275473,0,0,0,0,0,0,0,0,0,0,0,0,0,0,0,0,0,0,0,0,0,0,0,0,0,0,0,0,0,0,0,0,0,0,0,0,0,0,0,0,0,0,0,0,0,0,0,0,0,7,0,0,0,0,0,0,0,0,0,0,0,0,0,0,0,49,0,0,0,0,0,0,0,0,0,0,0,0,19,18,0,0,0,0,0,66,32,0,0,0,0,0,0,0,0,0,0,0,0,0,0,0,0,0,0,0,0,0,0,0,0,0,0,0,0,0,0,0,0,0,0,0,0,0,0,0,0,0,0,0,0,0,0,0,0,0,0,0,0,206,0,921,0,0,0,0,0,274273,275473
hsat3_9_2,0,0,0,0,147,0,5,0,0,0,0,0,0,0,0,0,3,0,0,7,0,0,0,0,0,0,0,0,0,2636,0,0,0,0,0,0,114,0,0,0,0,0,0,0,0,186943,0,1458,0,0,0,0,0,0,0,211,149,0,0,0,0,0,0,0,0,0,0,0,17,0,162,0,0,0,0,0,0,0,0,0,0,80,10,0,249,0,31,0,8,0,4,0,22,0,0,0,0,42,0,5,0,0,0,8,0,0,7,0,0,0,0,0,0,0,0,0,7,158,0,0,0,14,0,0,0,0,0,0,0,0,0,0,0,0,0,0,0,0,258,0,0,24,0,7,4,0,47,107,150,0,7,26,0,0,0,0,84,0,9,0,0,0,199,13,0,50,0,0,0,0,0,137,17,0,47,0,0,0,0,0,0,0,0,0,0,0,0,0,0,4607,0,0,182332,186943
bsat_9_5,0,0,0,0,0,88,0,0,0,0,0,0,0,0,0,0,0,0,0,0,0,0,0,0,0,0,0,0,0,0,0,0,0,0,0,0,0,0,0,0,0,0,0,0,0,0,96317,0,0,0,0,0,0,0,0,0,0,0,0,0,0,0,0,0,0,0,0,0,0,31,0,0,0,0,0,0,0,0,0,0,19,0,0,27,0,42,0,99,0,0,0,0,0,0,0,0,36,0,0,0,0,31,0,0,0,0,0,0,0,0,0,0,0,0,0,0,0,0,0,0,0,0,0,0,0,0,0,0,0,0,0,0,0,0,0,0,0,0,0,0,11,0,0,0,0,100,0,0,0,0,0,0,0,0,0,41,0,0,0,0,72,0,0,0,38,0,0,0,56,0,0,0,0,0,0,0,0,0,0,0,0,3803,0,0,0,0,0,0,0,0,0,0,92513,96317
hsat3_9_3,0,0,0,0,388,0,18,0,0,0,0,0,0,0,0,0,102,0,0,195,0,0,0,0,0,0,0,0,0,2279,0,0,0,0,0,0,453,0,0,0,0,0,0,0,0,1458,0,5325959,0,1,0,0,0,0,0,358,250,0,0,0,0,0,0,0,0,0,0,0,310,0,367,0,177,0,105,0,0,0,0,0,0,245,124,0,429,0,123,0,63,0,88,0,41,0,0,0,0,139,0,105,0,0,0,121,0,0,64,0,0,0,0,0,0,0,0,0,2,290,40,0,0,75,0,0,0,0,0,0,0,0,0,0,0,0,0,0,0,0,1104,0,0,189,0,292,11,0,38,249,417,0,62,8,0,0,0,0,531,0,109,0,0,0,532,107,0,88,5,0,0,0,6,299,62,0,145,0,0,0,0,0,0,0,0,0,0,0,0,0,0,8444,0,0,5317491,5325959
hsat3_10_1,0,0,0,0,0,0,0,0,0,0,0,0,0,0,0,0,0,0,0,0,0,0,0,0,0,0,0,0,0,0,0,0,0,0,0,0,0,0,0,0,0,0,0,0,0,0,0,0,88202,0,0,0,0,0,0,0,0,0,0,0,0,0,0,0,0,0,0,0,0,0,0,0,0,0,0,0,0,0,0,0,0,0,0,0,0,0,0,0,0,0,0,0,0,0,0,0,0,0,0,0,0,0,0,0,0,0,0,0,0,0,0,0,0,0,0,0,0,0,0,0,0,0,0,0,0,0,0,0,0,0,0,0,0,0,0,0,0,0,0,0,0,0,0,0,0,0,0,0,0,0,0,0,0,0,0,0,0,0,0,0,0,0,0,0,0,0,0,0,0,0,0,0,0,0,0,0,0,0,0,0,0,0,0,0,0,0,0,0,0,0,0,0,88202,88202
hsat3_10_2,0,0,0,0,0,0,0,0,0,0,0,0,0,0,0,0,0,0,0,0,0,0,0,0,0,0,0,0,0,0,0,0,0,0,0,0,0,0,0,0,0,0,0,0,0,0,0,1,0,144114,0,0,0,0,0,0,0,0,0,0,0,0,0,0,0,0,0,0,0,0,0,0,0,0,0,0,0,0,0,0,0,0,0,0,0,0,0,0,0,0,63,0,0,0,0,0,0,0,0,0,0,0,0,8,0,0,0,0,0,0,0,0,0,0,0,0,4,0,138,0,0,257,0,0,0,0,0,0,0,0,0,0,0,0,0,0,0,0,0,0,0,0,0,0,0,0,0,0,0,0,0,0,0,0,0,0,0,0,0,0,0,0,0,0,0,0,0,0,0,0,0,0,76,0,0,0,0,0,0,0,0,0,0,0,0,0,0,0,0,447,0,0,143664,144114
mon_10_1,0,0,0,0,0,0,0,0,0,0,69,0,0,0,0,0,0,0,0,0,0,0,0,0,0,0,35,0,0,0,0,0,41,0,0,27,0,15,0,15,0,20,9,0,0,0,0,0,0,0,445513,0,0,0,0,0,0,0,64,28,0,35,0,0,0,4,26,0,0,0,0,0,0,5,0,0,0,0,0,0,0,0,0,0,0,0,0,0,0,0,0,9,0,7,0,0,0,0,0,0,0,0,0,0,3,39,0,0,4,0,0,0,0,0,8,0,0,0,0,0,0,0,0,0,0,0,0,0,0,28,0,0,0,12,6,4,23,0,0,0,0,0,0,0,0,0,0,0,0,5,0,0,0,0,0,0,0,0,0,0,0,0,0,0,0,0,0,0,0,0,0,0,0,8,0,7,0,0,9,0,68,0,0,0,49,0,13,0,0,0,365,4,445058,445513
hor_10_1,0,31,0,0,0,0,0,0,0,0,0,0,0,45,0,0,0,0,63,0,0,0,0,0,0,0,0,0,15,0,0,0,0,0,0,0,0,0,0,0,121,0,0,0,0,0,0,0,0,0,0,199971,1375,324,0,0,0,0,0,0,0,0,0,0,22,0,0,0,0,0,0,0,0,0,0,0,0,0,0,0,0,0,0,0,0,0,0,0,0,0,0,0,0,0,0,0,0,0,0,0,0,0,0,0,0,0,0,0,0,0,0,0,0,0,0,0,0,0,0,0,0,0,0,0,0,0,0,0,41,0,0,0,0,0,0,0,0,0,0,0,0,0,0,0,0,0,0,0,0,0,0,0,0,0,0,0,0,0,0,0,0,0,0,0,0,0,0,0,0,0,0,0,0,0,0,0,0,0,0,0,0,0,0,0,318,0,1761,0,0,0,0,0,197887,199971
hor_10_2,0,3,0,0,0,0,0,0,0,0,0,0,0,6,0,0,0,0,12,0,0,0,0,0,0,0,0,0,0,0,0,0,0,0,0,0,0,0,0,0,16,0,0,0,0,0,0,0,0,0,0,1375,13480,48,0,0,0,0,0,0,0,0,0,0,0,0,0,0,0,0,0,0,0,0,0,0,0,0,0,0,0,0,0,0,0,0,0,0,0,0,0,0,0,0,0,0,0,0,0,0,0,0,0,0,0,0,0,0,0,0,0,0,0,0,0,0,0,0,0,0,0,0,0,0,0,0,0,0,0,0,0,0,0,0,0,0,0,0,0,0,0,0,0,0,0,0,0,0,0,0,0,0,0,0,0,0,0,0,0,0,0,0,0,0,0,0,0,0,0,0,0,0,0,0,0,0,0,0,0,0,0,0,0,0,1,0,1391,0,0,0,0,0,12011,13480
hor_10_3,0,0,0,0,0,0,0,0,0,0,0,0,0,0,0,0,0,0,2,0,0,0,0,0,0,0,0,0,0,0,0,0,0,0,0,0,0,0,0,0,0,0,0,0,0,0,0,0,0,0,0,324,48,35760,0,0,0,0,0,0,0,0,0,0,0,0,0,0,0,0,0,0,0,0,0,0,0,0,0,0,0,0,0,0,0,0,0,0,0,0,0,0,0,0,0,0,0,0,0,0,0,0,0,0,0,0,0,0,0,0,0,0,0,0,0,0,0,0,0,0,0,0,0,0,0,0,0,0,0,0,0,0,0,0,0,0,0,0,0,0,0,0,0,0,0,0,0,0,0,0,0,0,0,0,0,0,0,0,0,0,0,0,0,0,0,0,0,0,0,0,0,0,0,0,0,0,0,0,0,0,0,0,0,0,59,0,328,0,0,0,0,0,35373,35760
mon_10_2,0,0,0,0,0,0,0,0,0,0,2,0,0,0,0,0,0,0,0,0,0,0,0,0,0,0,1,0,0,0,0,0,0,0,0,0,0,0,0,0,0,7,0,0,0,0,0,0,0,0,0,0,0,0,97560,0,0,0,0,0,0,0,0,0,0,0,1,0,0,0,0,0,0,2,0,0,0,0,0,0,0,0,0,0,0,0,0,0,0,2,0,0,0,0,0,0,0,0,0,0,0,0,0,0,2,0,0,0,0,0,0,0,0,0,0,0,0,0,0,0,0,0,0,0,0,0,0,0,0,4,0,0,0,0,4,0,11,0,0,0,0,0,0,0,0,0,0,0,0,2,0,0,0,0,0,0,0,0,0,0,0,0,0,0,0,0,0,0,0,0,0,0,0,0,0,0,0,0,5,0,0,0,0,0,0,0,0,0,0,0,75,0,97485,97560
hsat3_10_3,0,0,0,0,3210,0,0,0,0,0,0,0,0,0,0,0,34,0,0,0,0,0,0,0,0,0,0,0,0,149,0,0,0,0,0,0,90,0,0,0,0,0,0,0,0,211,0,358,0,0,0,0,0,0,0,198580,850,0,0,0,0,0,0,0,0,0,0,0,74,0,159,0,0,0,6,0,0,0,0,0,0,46,0,0,143,0,8,0,0,0,26,0,2,0,0,0,0,6,0,15,0,0,0,28,0,0,0,0,0,0,0,0,0,0,0,0,3,65,15,0,0,4,0,0,0,0,0,0,0,0,0,0,0,0,0,0,0,0,210,0,0,63,0,40,0,0,24,58,97,0,1,0,0,0,0,0,56,0,18,0,0,0,121,21,0,15,0,0,0,0,0,460,10,0,1,0,0,0,0,0,0,0,0,0,0,0,0,0,0,4797,0,0,193783,198580
hsat3_10_4,0,0,0,0,1336,0,15415,0,0,0,0,0,0,0,0,0,30,0,0,72,0,0,0,0,0,0,0,0,0,118,0,0,0,0,0,0,21,0,0,0,0,0,0,0,0,149,0,250,0,0,0,0,0,0,0,850,107188,0,0,0,0,0,0,0,0,0,0,0,54,0,75,0,70,0,0,0,0,0,0,0,0,31,72,0,68,0,1,0,2119,0,0,0,15,0,0,0,0,3,0,80,0,0,0,0,0,0,0,0,0,0,0,0,0,0,0,0,5,81,5,0,0,0,0,0,0,0,0,0,0,0,0,0,0,0,0,0,0,0,117,0,0,41,0,29,5785,0,10,28,21,0,0,0,0,0,0,0,43,0,94,0,0,0,25,0,0,36,0,0,0,0,0,424,0,0,0,0,0,0,0,0,0,0,0,0,0,0,0,0,0,21546,0,0,85641,107188
hsat2_10_3,0,0,0,3547,0,0,0,6473,0,0,0,0,0,0,0,0,0,0,0,0,0,0,0,0,0,0,0,0,0,0,0,0,0,0,0,0,0,0,0,0,0,0,0,0,0,0,0,0,0,0,0,0,0,0,0,0,0,107570,0,0,0,0,0,0,0,0,0,0,0,0,0,0,0,0,0,0,0,0,0,0,0,0,0,0,0,0,0,0,0,0,0,0,0,0,0,0,0,0,0,0,0,0,0,0,0,0,0,0,0,0,0,0,0,0,0,0,0,0,0,0,0,0,0,0,0,0,0,0,0,0,0,0,0,0,0,0,0,0,0,0,0,0,0,0,0,0,0,0,0,0,0,0,0,0,0,0,0,0,0,0,0,0,0,0,0,0,0,0,0,0,0,0,0,0,0,0,0,0,0,0,0,0,0,0,0,0,0,0,8007,0,0,0,99553,107570
mon_11_1,0,0,0,0,0,0,0,0,0,0,66,0,0,0,0,0,0,0,0,0,0,0,0,0,0,0,59,0,0,0,0,0,44,0,3,14,0,62,0,46,0,72,22,0,0,0,0,0,0,0,64,0,0,0,0,0,0,0,227610,46,0,966,0,10,0,22,56,0,0,0,0,0,0,0,0,0,0,0,0,0,0,0,0,0,0,0,0,0,0,0,0,0,0,2,0,0,0,0,0,0,0,0,0,0,0,60,0,0,0,0,0,0,0,0,57,0,0,0,0,0,0,0,0,0,0,0,0,0,0,126,0,0,0,38,25,12,17,0,0,0,0,0,0,0,0,0,0,0,0,0,0,0,0,0,0,0,0,0,0,0,0,0,0,0,0,0,0,0,0,0,0,0,0,0,0,2,0,0,3,0,67,0,0,975,78,0,23,0,0,0,1363,9,223955,227610
mon_11_3,0,0,0,0,0,0,0,0,0,0,32,0,0,0,0,0,0,0,0,0,0,0,0,0,0,0,25,0,0,0,0,0,20,0,0,21,0,7,0,7,0,26,0,0,0,0,0,0,0,0,28,0,0,0,0,0,0,0,46,387593,0,14,0,8,0,36,41,0,0,0,0,0,0,0,0,0,0,0,0,0,0,0,0,0,0,0,0,0,0,10,0,10,0,0,0,0,0,0,0,0,0,0,0,0,0,50,0,0,0,0,0,0,0,0,41,0,0,0,0,0,0,0,0,0,0,18,0,0,0,11,0,0,0,7,13,22,0,6,0,0,0,0,0,0,0,0,0,0,0,0,0,0,0,0,0,0,0,0,0,0,0,0,0,0,0,0,0,0,0,0,0,0,0,14,0,0,0,0,0,0,45,0,0,0,169,0,13,0,0,0,4836,9,382535,387593
hor_11_2,0,0,2,0,0,0,0,0,0,0,0,0,0,0,0,0,0,0,0,0,0,0,0,0,0,0,0,0,0,0,0,0,0,0,0,0,0,0,0,0,0,0,0,0,0,0,0,0,0,0,0,0,0,0,0,0,0,0,0,0,317822,0,0,0,0,0,0,0,0,0,0,0,0,0,0,0,0,0,0,0,0,0,0,0,0,0,0,0,0,0,0,0,0,0,0,0,0,0,0,0,0,0,0,0,0,0,0,0,0,0,0,0,0,0,0,0,0,0,0,0,4,0,0,0,0,0,0,0,0,0,0,0,0,0,0,0,0,0,0,0,0,0,0,0,0,0,0,0,0,0,0,0,0,0,0,0,0,0,0,0,0,0,0,0,0,0,0,0,0,0,0,0,0,0,0,0,0,0,0,0,0,0,0,0,0,0,968,0,0,0,0,0,316823,317822
mon_11_4,0,0,0,0,0,0,0,0,0,0,15,0,0,0,0,0,0,0,0,0,0,0,0,0,0,0,27,0,0,0,0,0,1,0,0,18,0,7,0,10,0,46,5,0,0,0,0,0,0,0,35,0,0,0,0,0,0,0,966,14,0,415714,0,6,0,0,14,0,0,0,0,0,0,10,0,0,0,0,0,0,0,0,0,0,0,0,0,0,0,10,0,19,0,0,0,0,0,0,0,0,0,0,0,0,19,2,0,0,0,0,0,0,0,0,0,0,0,0,0,0,0,0,0,0,0,0,0,0,0,4,1,0,0,0,0,0,8,0,0,0,0,0,0,0,0,0,0,0,0,10,0,0,0,0,0,0,0,0,0,0,0,0,0,0,0,0,0,0,0,0,0,0,0,0,0,0,0,0,18,0,15,0,0,0,41,0,5,0,0,0,1144,1,414523,415714
gsat_12_2,0,0,0,0,0,0,0,0,0,0,0,0,0,0,0,0,0,0,0,0,0,0,0,0,0,0,0,0,0,0,0,0,0,0,0,0,0,0,0,0,0,0,0,0,0,0,0,0,0,0,0,0,0,0,0,0,0,0,0,0,0,0,119811,0,0,0,0,0,0,0,0,0,0,0,0,0,0,0,0,0,0,0,0,0,0,0,0,0,0,0,0,0,0,0,0,0,0,0,0,0,0,0,0,0,0,0,0,0,0,0,0,0,0,0,0,0,0,0,0,0,0,0,0,0,0,0,0,0,0,0,0,0,0,0,0,0,0,0,0,0,0,0,0,0,0,0,0,0,0,0,0,0,0,0,0,0,0,0,0,0,0,0,0,0,0,0,0,0,0,0,0,0,0,0,0,0,0,0,0,0,0,0,0,0,0,0,0,0,0,0,0,0,119811,119811
mon_12_2,0,0,0,0,0,0,0,0,0,0,0,0,0,0,0,0,0,0,0,0,0,0,0,0,0,0,7,0,0,0,0,0,0,0,0,0,0,0,0,0,0,11,0,0,0,0,0,0,0,0,0,0,0,0,0,0,0,0,10,8,0,6,0,150751,0,0,0,0,0,0,0,0,0,0,0,0,0,0,0,0,0,0,0,0,0,0,0,0,0,0,0,0,0,0,0,0,0,0,0,0,0,0,0,0,0,0,0,0,0,0,0,0,0,0,0,0,0,0,0,0,0,0,0,0,0,0,0,0,0,2,0,0,0,0,0,0,0,0,0,0,0,0,0,0,0,0,0,0,0,0,0,0,0,0,0,0,0,0,0,0,0,0,0,0,0,0,0,0,0,0,0,0,0,0,0,0,0,0,0,0,0,0,0,0,0,0,0,0,0,0,27,0,150724,150751
hor_12_2,0,0,0,0,0,0,0,0,0,0,0,0,0,0,0,0,0,0,0,0,0,0,0,0,0,0,0,0,7,0,0,0,0,0,2,0,0,0,0,0,3,0,0,0,0,0,0,0,0,0,0,22,0,0,0,0,0,0,0,0,0,0,0,0,282611,0,0,0,0,0,0,0,0,0,0,0,0,0,0,0,0,0,0,0,0,0,0,0,0,0,0,0,0,0,0,0,0,0,0,0,0,0,0,0,0,0,0,0,0,0,0,0,0,0,0,0,0,0,0,0,0,0,0,0,0,0,0,0,3,0,0,0,0,0,0,0,0,0,0,0,0,0,0,0,0,0,0,0,0,0,0,0,0,0,0,0,0,0,0,0,0,0,0,0,0,0,0,0,0,0,0,0,0,0,0,0,0,0,0,0,0,0,0,0,66,0,32,0,0,0,0,0,282470,282611
dhor_12_8,0,0,0,0,0,0,0,0,0,0,5,0,0,0,0,0,0,0,0,0,0,0,0,0,0,0,24,0,0,0,4,0,0,0,0,1,0,7,0,7,0,3,1,0,0,0,0,0,0,0,4,0,0,0,0,0,0,0,22,36,0,0,0,0,0,133301,3,0,0,0,0,0,0,0,0,0,0,0,0,0,0,0,0,0,0,0,0,0,0,0,0,0,0,0,0,0,0,0,0,0,0,0,0,0,0,2,0,0,0,0,0,0,0,0,16,0,0,0,0,0,0,0,0,0,0,0,0,0,0,10,0,0,0,8,0,16,0,0,0,0,0,0,0,0,0,0,0,0,0,0,0,0,0,0,0,0,0,0,0,0,0,0,0,0,0,0,0,0,0,0,0,0,0,0,0,0,0,0,0,0,13,0,0,0,53,0,10,0,0,0,105,10,133123,133301
mon_12_6,0,0,0,0,0,0,0,0,0,0,47,1,0,0,0,0,0,0,0,0,0,0,0,0,0,0,10,0,0,0,0,0,42,0,0,54,0,30,0,30,0,33,0,0,0,0,0,0,0,0,26,0,0,0,1,0,0,0,56,41,0,14,0,0,0,3,384578,0,0,0,0,0,0,25,0,0,0,0,0,0,0,0,0,0,0,0,0,0,0,18,0,16,0,21,0,0,0,0,0,0,0,0,0,0,22,40,0,0,0,0,0,0,0,0,29,0,0,0,0,0,0,0,0,0,0,5,0,0,0,20,0,0,0,18,40,0,23,5,0,0,0,0,0,0,0,0,0,0,0,25,0,0,0,0,0,0,0,0,0,0,0,0,0,0,0,0,0,0,0,0,0,0,0,24,0,31,0,0,23,0,23,0,0,0,13,0,8,0,0,0,376,0,384170,384578
hsat1_13_1,0,0,0,0,0,0,0,0,0,0,0,0,0,0,15749,65325,0,0,0,0,0,0,0,0,0,0,0,0,0,0,0,0,0,0,0,0,0,0,0,0,0,0,0,0,0,0,0,0,0,0,0,0,0,0,0,0,0,0,0,0,0,0,0,0,0,0,0,753092,0,0,0,0,0,0,0,0,0,0,0,0,0,0,0,0,0,0,0,0,0,0,0,0,0,0,0,0,0,0,36286,0,0,0,0,0,0,0,0,0,0,0,0,0,0,0,0,0,0,0,0,0,0,0,0,0,0,0,0,0,0,0,0,0,0,0,0,0,0,0,0,0,0,0,63007,0,0,0,0,0,0,0,0,0,42,0,0,0,0,120804,0,0,0,0,0,0,0,0,0,0,0,0,0,0,0,0,0,0,0,0,0,0,0,0,0,0,0,0,0,184680,0,0,0,0,568412,753092
hsat3_13_2,0,0,0,0,49,0,15,0,0,0,0,0,0,0,0,0,77328,0,0,15340,0,0,0,0,0,0,0,0,0,79,0,0,0,0,0,0,53,0,0,0,0,0,0,0,0,17,0,310,0,0,0,0,0,0,0,74,54,0,0,0,0,0,0,0,0,0,0,0,143040,0,57,0,13951,0,0,0,0,0,0,0,0,2,56446,0,42,0,13,0,60,0,8,0,0,0,0,0,0,2,0,48381,0,0,0,22,0,0,5,0,0,0,0,0,0,0,0,0,0,6,15,0,0,9,0,0,0,0,0,0,0,0,0,0,0,0,0,0,0,0,82,0,0,16,0,128690,50,0,13,70,20,0,0,0,0,0,0,0,19,0,48492,0,0,0,57,8829,0,47,0,0,0,0,0,4,0,0,1,0,0,0,0,0,0,0,0,0,0,0,0,0,0,134294,0,0,8707,143040
bsat_13_4,0,0,0,0,0,3353,0,0,0,0,0,0,0,0,0,0,0,0,0,0,0,0,0,0,0,0,0,0,0,0,0,0,0,0,0,0,0,0,0,0,0,0,0,0,0,0,31,0,0,0,0,0,0,0,0,0,0,0,0,0,0,0,0,0,0,0,0,0,0,167014,0,0,0,0,0,0,0,0,0,0,1800,0,0,135666,0,2040,0,3610,0,0,0,0,0,0,0,0,1850,0,0,0,0,157036,0,0,0,0,0,0,0,0,0,0,0,0,0,0,0,0,0,0,0,0,0,0,0,0,0,0,0,0,0,0,0,0,0,0,0,0,0,0,2099,0,0,0,0,3238,0,0,0,0,0,0,0,0,0,2203,0,0,0,0,5237,0,0,0,1325,0,0,0,2450,0,0,0,0,0,0,0,0,0,0,0,0,161774,0,0,0,0,0,0,0,0,0,0,4300,167014
hsat3_13_6,0,0,0,0,233,0,3,0,0,0,0,0,0,0,0,0,5,0,0,5,0,0,0,0,0,0,0,0,0,159,0,0,0,0,0,0,153,0,0,0,0,0,0,0,0,162,0,367,0,0,0,0,0,0,0,159,75,0,0,0,0,0,0,0,0,0,0,0,57,0,141119,0,27,0,14,0,0,0,0,0,0,76,0,0,5709,0,28,0,26,0,26,0,0,0,0,0,0,63,0,8,0,0,0,33,0,0,21,0,0,0,0,0,0,0,0,0,6,99,35,0,0,17,0,0,0,0,0,0,0,0,0,0,0,0,0,0,0,0,295,0,0,125,0,11,0,0,46,1150,208,0,0,0,0,0,0,0,137,0,7,0,0,0,1163,26,0,34,0,0,0,0,0,121,0,0,1,0,0,0,0,0,0,0,0,0,0,0,0,0,0,8126,0,0,132988,141119
censat_13_13,0,0,0,0,0,0,0,0,0,0,0,0,0,0,0,0,0,0,0,0,0,0,0,0,0,0,0,0,0,0,0,0,0,0,0,0,0,0,0,0,0,0,0,0,0,0,0,0,0,0,0,0,0,0,0,0,0,0,0,0,0,0,0,0,0,0,0,0,0,0,0,33933,0,0,0,0,0,0,0,0,0,0,0,0,0,0,0,0,0,0,0,0,0,0,0,0,0,0,0,0,0,0,0,0,0,0,0,0,0,0,0,0,0,0,0,0,0,0,0,0,0,0,0,0,0,0,0,0,0,0,0,0,0,0,0,0,0,0,0,0,0,0,0,0,0,0,0,0,0,0,0,0,0,0,0,0,0,0,0,0,0,0,0,0,0,0,0,0,0,0,0,0,0,0,0,0,0,0,0,0,0,0,2255,21580,0,0,0,0,0,0,0,0,9610,33933
hsat3_13_7,0,0,0,0,15,0,167,0,0,0,0,0,0,0,0,0,11908,0,0,39254,0,0,0,0,0,0,0,0,0,5,0,0,0,0,0,0,15,0,0,0,0,0,0,0,0,0,0,177,0,0,0,0,0,0,0,0,70,0,0,0,0,0,0,0,0,0,0,0,13951,0,27,0,96037,0,0,0,0,0,0,0,0,0,10107,0,85,0,0,0,77,0,0,0,5,0,0,0,0,21,0,12004,0,0,0,0,0,0,0,0,0,0,0,0,0,0,0,0,0,12,5,0,0,0,0,0,0,0,0,0,0,0,0,0,0,0,0,0,0,0,42,0,0,21,0,13956,239,0,17,4,24,0,2,31,0,0,0,0,0,0,12096,0,0,0,0,9799,0,75,0,0,0,0,0,2,0,0,10,0,0,0,0,0,0,0,0,0,0,0,0,0,0,48433,0,0,47604,96037
mon_13_2,0,0,0,0,0,0,0,0,0,0,19,0,0,0,0,0,0,0,0,0,0,0,0,0,0,0,8,0,0,0,0,0,20,0,0,11,0,0,0,1,0,0,0,0,0,0,0,0,0,0,5,0,0,0,2,0,0,0,0,0,0,10,0,0,0,0,25,0,0,0,0,0,0,118381,0,0,0,0,0,0,0,0,0,0,0,0,0,0,0,87072,0,17352,0,551,0,0,0,0,0,0,0,0,0,0,29868,17,0,74,1727,0,0,0,0,0,4,0,0,0,0,0,0,0,0,0,0,3,0,0,0,19,0,0,0,1,43,0,119,1847,0,0,0,0,0,0,0,0,0,0,0,113142,0,0,0,0,0,0,0,0,0,0,0,0,0,0,0,0,0,0,0,0,0,0,0,16818,0,630,0,0,21,0,4,0,0,0,0,0,106,0,0,0,115643,0,2606,118381
hsat3_13_12,0,0,0,0,0,0,0,0,0,0,0,0,0,0,0,0,0,0,0,0,0,0,0,0,0,0,0,0,0,9,0,0,0,0,0,0,43,0,0,0,0,0,0,0,0,0,0,105,0,0,0,0,0,0,0,6,0,0,0,0,0,0,0,0,0,0,0,0,0,0,14,0,0,0,110642,0,0,0,0,0,0,0,0,0,7,0,0,0,10,0,0,0,4,0,0,0,0,0,0,0,0,0,0,0,0,31,3572,0,0,0,0,0,0,0,0,0,0,0,0,0,0,15,0,0,0,0,0,0,0,0,0,0,0,0,0,0,0,0,39,0,0,0,0,12,2,0,0,11,25,0,97338,0,0,0,0,0,8,0,0,0,0,0,1,0,0,0,0,0,0,0,3,2,1,0,4,0,0,0,0,0,0,0,0,0,0,0,0,0,0,100945,231,0,9392,110642
censat_13_21,0,0,0,0,0,0,0,0,0,0,0,0,0,0,0,0,0,0,0,0,0,0,0,0,0,0,0,0,0,0,0,0,0,0,0,0,0,0,0,0,0,0,0,0,0,0,0,0,0,0,0,0,0,0,0,0,0,0,0,0,0,0,0,0,0,0,0,0,0,0,0,0,0,0,0,28280,0,0,0,0,0,0,0,0,0,0,0,0,0,0,0,0,0,0,0,0,0,0,0,0,0,0,0,0,0,0,0,0,0,0,0,0,0,0,0,0,0,0,0,0,0,0,0,0,0,0,0,0,0,0,0,0,0,0,0,0,0,0,0,0,0,0,0,0,0,0,0,0,0,0,0,0,0,0,0,0,0,0,0,0,0,0,0,0,0,0,0,0,0,0,0,0,0,0,0,0,0,0,0,0,0,0,9750,137,0,0,0,0,0,0,0,0,18320,28280
hsat1_13_6,0,0,0,0,0,0,0,0,0,0,0,0,0,0,0,0,0,0,0,0,0,32,0,41,0,0,0,0,0,0,0,0,0,0,0,0,0,0,0,0,0,0,0,0,0,0,0,0,0,0,0,0,0,0,0,0,0,0,0,0,0,0,0,0,0,0,0,0,0,0,0,0,0,0,0,0,136163,0,0,0,0,0,0,0,0,0,0,0,0,0,0,0,0,0,0,0,0,0,0,0,0,0,14,0,0,0,0,0,0,0,0,0,0,0,0,0,0,0,0,0,0,0,0,0,0,0,0,0,0,0,0,0,0,0,0,0,0,0,0,0,0,0,0,0,0,0,0,0,0,0,0,0,12745,0,0,0,0,0,0,0,0,59,0,0,0,0,0,0,0,0,0,0,0,0,0,0,0,0,0,0,0,0,0,0,0,0,0,14202,0,0,0,0,121960,136163
hor_13_3,0,0,0,0,0,0,0,0,0,0,0,0,0,0,0,0,0,0,0,0,0,0,0,0,0,0,0,0,0,0,0,0,0,0,0,0,0,0,0,0,0,0,0,0,0,0,0,0,0,0,0,0,0,0,0,0,0,0,0,0,0,0,0,0,0,0,0,0,0,0,0,0,0,0,0,0,0,35395,0,0,0,0,0,0,0,0,0,0,0,0,0,0,0,0,0,0,0,0,0,0,0,0,0,0,0,0,0,0,0,0,0,0,0,0,0,0,0,0,0,0,0,0,0,0,0,0,0,0,0,0,0,0,0,0,0,0,0,0,0,0,0,0,0,0,0,0,0,0,0,0,0,0,0,3908,0,0,0,0,0,0,0,0,0,0,0,0,0,0,0,0,0,0,0,0,0,0,0,0,0,0,0,0,0,0,0,0,2564,0,0,0,0,0,32831,35395
censat_14_1,0,0,0,0,0,0,0,0,0,0,0,0,0,0,0,0,0,1460,0,0,0,0,0,0,0,0,0,0,0,0,0,0,0,0,0,0,0,0,0,0,0,0,0,0,0,0,0,0,0,0,0,0,0,0,0,0,0,0,0,0,0,0,0,0,0,0,0,0,0,0,0,0,0,0,0,0,0,0,21321,0,0,0,0,0,0,0,0,0,0,0,0,0,0,0,0,0,0,0,0,0,1716,0,0,0,0,0,0,0,0,0,0,0,0,0,0,0,0,0,0,0,0,0,0,0,0,0,0,0,0,0,0,0,0,0,0,0,0,0,0,4620,0,0,0,0,0,0,0,0,0,0,0,0,0,0,4788,0,0,0,0,1672,0,0,0,0,0,0,0,0,0,0,0,0,0,0,0,0,0,0,0,0,0,0,5796,838,0,0,0,0,0,0,0,0,14322,21321
censat_14_3,0,0,0,0,0,0,0,0,0,0,0,0,0,0,0,0,0,0,0,0,0,0,0,0,0,0,0,0,0,0,0,0,0,0,0,0,0,0,0,0,0,0,0,0,0,0,0,0,0,0,0,0,0,0,0,0,0,0,0,0,0,0,0,0,0,0,0,0,0,0,0,0,0,0,0,0,0,0,0,43815,0,0,0,0,0,0,0,0,0,0,0,0,0,0,0,0,0,0,0,0,0,0,0,0,0,0,0,0,0,0,0,0,0,0,0,0,0,0,0,0,0,0,0,0,0,0,0,0,0,0,0,0,0,0,0,0,0,0,0,0,0,0,0,0,0,0,0,0,0,0,0,0,0,0,0,0,0,0,0,0,0,0,0,0,0,0,0,0,0,0,0,0,0,0,0,0,0,0,0,0,0,0,2183,1666,0,0,0,0,0,0,0,0,39948,43815
bsat_14_1,0,0,0,0,0,2420,0,0,0,0,0,0,0,0,0,0,0,0,0,0,0,0,0,0,0,0,0,0,0,0,0,0,0,0,0,0,0,0,0,0,0,0,0,0,0,0,19,0,0,0,0,0,0,0,0,0,0,0,0,0,0,0,0,0,0,0,0,0,0,1800,0,0,0,0,0,0,0,0,0,0,170464,0,0,1708,0,1776,0,2647,0,0,0,0,0,0,0,0,53816,0,0,0,0,1734,0,0,0,0,0,0,0,0,0,0,0,0,0,0,0,0,0,0,0,0,0,0,0,0,0,0,0,0,0,0,0,0,0,0,0,0,0,0,100823,0,0,0,0,2471,0,0,0,0,0,0,0,0,0,123738,0,0,0,0,1959,0,0,0,8412,0,0,0,2383,0,0,0,0,0,0,0,0,0,0,0,0,131616,0,0,0,0,0,0,0,0,0,0,37917,170464
hsat3_14_2,0,0,0,0,29,0,10,0,0,0,0,0,0,0,0,0,0,0,0,0,0,0,0,0,0,0,0,0,0,118,0,0,0,0,0,0,21,0,0,0,0,0,0,0,0,80,0,245,0,0,0,0,0,0,0,46,31,0,0,0,0,0,0,0,0,0,0,0,2,0,76,0,0,0,0,0,0,0,0,0,0,123323,0,0,40,0,6,0,0,0,0,0,11,0,0,0,0,3484,0,0,0,0,0,6,0,0,6,0,0,0,0,0,0,0,0,0,3,33,0,0,0,0,0,0,0,0,0,0,0,0,0,0,0,0,0,0,0,0,135,0,0,3344,0,2,4,0,0,73,184,0,5,0,0,0,0,0,3416,0,0,0,0,0,50,0,0,4,2,0,0,0,0,26,0,0,0,0,0,0,0,0,0,0,0,0,0,0,0,0,0,6212,0,0,117111,123323
hsat3_14_3,0,0,0,0,0,0,74,0,0,0,0,0,0,0,0,0,67003,0,0,11323,0,0,0,0,0,0,0,0,0,0,0,0,0,0,0,0,17,0,0,0,0,0,0,0,0,10,0,124,0,0,0,0,0,0,0,0,72,0,0,0,0,0,0,0,0,0,0,0,56446,0,0,0,10107,0,0,0,0,0,0,0,0,0,104487,0,0,0,0,0,48,0,0,0,0,0,0,0,0,0,0,39502,0,0,0,0,0,0,0,0,0,0,0,0,0,0,0,0,0,18,0,0,0,7,0,0,0,0,0,0,0,0,0,0,0,0,0,0,0,0,47,0,0,0,0,56078,121,0,8,0,0,0,0,5,0,0,0,0,0,0,39925,0,0,0,3,4345,0,50,3,0,0,0,0,0,0,0,0,0,0,0,0,0,0,0,0,0,0,0,0,0,0,80262,0,0,24186,104487
bsat_14_5,0,0,0,0,0,3358,0,0,0,0,0,0,0,0,0,0,0,0,0,0,0,0,0,0,0,0,0,0,0,0,0,0,0,0,0,0,0,0,0,0,0,0,0,0,0,0,27,0,0,0,0,0,0,0,0,0,0,0,0,0,0,0,0,0,0,0,0,0,0,135666,0,0,0,0,0,0,0,0,0,0,1708,0,0,166954,0,1978,0,3618,0,0,0,0,0,0,0,0,1806,0,0,0,0,132776,0,0,0,0,0,0,0,0,0,0,0,0,0,0,0,0,0,0,0,0,0,0,0,0,0,0,0,0,0,0,0,0,0,0,0,0,0,0,2031,0,0,0,0,3263,0,0,0,0,0,0,0,0,0,2109,0,0,0,0,5184,0,0,0,1260,0,0,0,2363,0,0,0,0,0,0,0,0,0,0,0,0,138443,0,0,0,0,0,0,0,0,0,0,27577,166954
hsat3_14_7,0,0,0,0,219,0,0,0,0,0,0,0,0,0,0,0,12,0,0,10,0,0,0,0,0,0,0,0,0,150,0,0,0,0,0,0,124,0,0,0,0,0,0,0,0,249,0,429,0,0,0,0,0,0,0,143,68,0,0,0,0,0,0,0,0,0,0,0,42,0,5709,0,85,0,7,0,0,0,0,0,0,40,0,0,148142,0,22,0,18,0,7,0,5,0,0,0,0,67,0,5,0,0,0,9,0,0,8,0,0,0,0,0,0,0,0,0,27,118,7,0,0,11,0,0,0,0,0,0,0,0,0,0,0,0,0,0,0,0,194,0,0,56,0,26,0,0,51,1122,207,0,2,18,0,0,0,0,157,0,27,0,0,0,1396,37,0,37,20,0,0,0,7,85,0,0,0,0,0,0,0,0,0,0,0,0,0,0,0,0,0,8783,0,0,139355,148142
bsat_14_8,0,0,0,0,0,3657,0,0,0,0,0,0,0,0,0,0,0,0,0,0,0,0,0,0,0,0,0,0,0,0,0,0,0,0,0,0,0,0,0,0,0,0,0,0,0,0,42,0,0,0,0,0,0,0,0,0,0,0,0,0,0,0,0,0,0,0,0,0,0,2040,0,0,0,0,0,0,0,0,0,0,1776,0,0,1978,0,260623,0,3348,0,0,0,0,0,0,0,0,2024,0,0,0,0,2006,0,0,0,0,0,0,0,0,0,0,0,0,0,0,0,0,0,0,0,0,0,0,0,0,0,0,0,0,0,0,0,0,0,0,0,0,0,0,2206,0,0,0,0,2968,0,0,0,0,0,0,0,0,0,2195,0,0,0,0,3492,0,0,0,1561,0,0,0,35868,0,0,0,0,0,0,0,0,0,0,0,0,40099,0,2541,0,0,0,0,0,0,0,0,216062,260623
hsat3_14_9,0,0,0,0,50,0,0,0,6,0,0,0,0,0,0,0,0,0,0,9,0,0,0,0,0,0,0,0,0,54,0,0,0,0,0,0,28,0,0,0,0,0,0,0,0,31,0,123,0,0,0,0,0,0,0,8,1,0,0,0,0,0,0,0,0,0,0,0,13,0,28,0,0,0,0,0,0,0,0,0,0,6,0,0,22,0,131326,0,0,0,1,0,0,0,0,0,0,7,0,0,0,0,0,0,0,0,0,0,0,0,0,0,0,0,0,0,8,34,0,0,0,13,0,0,0,0,0,0,0,0,0,0,0,0,0,0,0,0,57,0,0,5,0,14,0,0,3077,32,82,0,0,0,0,0,0,0,4,0,5,0,0,0,17,0,0,13,0,0,0,0,0,33,3,0,0,0,0,0,0,0,0,0,0,0,0,0,0,0,6,3342,0,0,127971,131326
bsat_14_9,0,0,0,0,0,50855,0,0,0,0,0,0,0,0,0,0,0,0,0,0,0,0,0,0,0,0,0,0,0,0,0,0,0,0,0,0,0,0,0,0,0,0,0,0,0,0,99,0,0,0,0,0,0,0,0,0,0,0,0,0,0,0,0,0,0,0,0,0,0,3610,0,0,0,0,0,0,0,0,0,0,2647,0,0,3618,0,3348,0,409022,0,0,0,0,0,0,0,0,3200,0,0,0,0,3476,0,0,0,0,0,0,0,0,0,0,0,0,0,0,0,0,0,0,0,0,0,0,0,0,0,0,0,0,0,0,0,0,0,0,0,0,0,0,3311,0,0,0,0,41223,0,0,0,0,0,0,0,0,0,3340,0,0,0,0,4102,0,0,0,2075,0,0,0,4128,0,0,0,0,0,0,0,0,0,0,0,0,80499,0,0,0,0,0,0,0,0,0,0,327141,409022
hsat3_14_10,0,0,0,0,12,0,5660,0,0,0,0,0,0,0,0,0,12,0,0,82,0,0,0,0,0,0,0,0,0,17,0,0,0,0,0,0,20,0,0,0,0,0,0,0,0,8,0,63,0,0,0,0,0,0,0,0,2119,0,0,0,0,0,0,0,0,0,0,0,60,0,26,0,77,0,10,0,0,0,0,0,0,0,48,0,18,0,0,0,162941,0,0,0,0,0,0,0,0,5,0,23,0,0,0,0,0,0,0,0,0,0,0,0,0,0,0,0,0,5,3,0,0,22,0,0,0,0,0,0,0,0,0,0,0,0,0,0,0,0,36,0,0,5,0,48,17873,0,2,12,164,0,0,0,0,0,0,0,3,0,25,0,0,0,18,0,0,72,217,0,0,0,0,4,0,0,0,0,0,0,0,0,0,0,0,84,0,0,0,0,0,23962,0,0,138893,162941
mon_14_9,0,0,0,0,0,0,0,0,0,0,19,0,0,0,0,0,0,0,0,0,0,0,0,0,0,0,8,0,0,0,0,0,4,0,0,18,0,0,0,1,0,0,0,0,0,0,0,0,0,0,0,0,0,0,2,0,0,0,0,10,0,10,0,0,0,0,18,0,0,0,0,0,0,87072,0,0,0,0,0,0,0,0,0,0,0,0,0,0,0,117629,0,18221,0,580,0,0,0,0,0,0,0,0,0,0,31029,18,0,74,1639,0,0,0,0,0,0,0,0,0,0,0,0,0,0,0,0,3,0,0,0,20,0,0,0,18,81,0,117,1790,0,0,0,0,0,0,0,0,0,0,0,86339,0,0,0,0,0,0,0,0,0,0,0,0,0,0,0,0,0,0,0,0,0,0,0,17258,0,662,0,0,20,0,0,0,0,0,0,0,116,0,0,0,94523,0,22987,117629
hsat3_14_20,0,0,0,0,0,0,0,0,0,0,0,0,0,0,0,0,0,0,0,0,0,0,0,0,0,0,0,0,0,7,0,0,0,0,0,0,17,0,0,0,0,0,0,0,0,4,0,88,0,63,0,0,0,0,0,26,0,0,0,0,0,0,0,0,0,0,0,0,8,0,26,0,0,0,0,0,0,0,0,0,0,0,0,0,7,0,1,0,0,0,108189,0,2,0,0,0,0,2,0,0,0,0,0,220,0,0,32,0,0,0,0,0,0,0,0,0,3,1,17,0,0,114,0,0,0,0,0,0,0,0,0,0,0,0,0,0,0,0,24,0,0,24,0,0,0,0,0,29,0,0,0,0,0,0,0,0,36,0,0,0,0,0,7,0,0,0,0,0,0,0,12,0,53301,0,0,0,0,0,0,0,0,0,0,0,0,0,0,0,0,53782,0,0,54407,108189
mon_14_11,0,0,0,0,0,0,0,0,0,0,7,0,0,0,0,0,0,0,0,0,0,0,0,0,0,0,0,0,0,0,0,0,0,0,0,20,0,7,0,10,0,0,0,0,0,0,0,0,0,0,9,0,0,0,0,0,0,0,0,10,0,19,0,0,0,0,16,0,0,0,0,0,0,17352,0,0,0,0,0,0,0,0,0,0,0,0,0,0,0,18221,0,152710,0,587,0,0,0,0,0,0,0,0,0,0,18434,82,0,28,1718,17,0,0,0,0,0,0,0,0,0,0,0,0,0,0,0,0,0,0,0,0,0,0,0,217,78,0,313,2747,0,0,0,0,0,0,0,0,0,0,0,17393,0,0,0,0,0,0,0,0,0,0,0,0,0,0,0,0,0,0,0,0,0,0,0,101951,0,711,0,0,19,0,8,0,0,0,0,0,381,0,0,0,108987,0,43296,152710
hsat3_14_21,0,0,0,0,0,0,26,0,0,0,0,0,0,0,0,0,0,0,0,10,0,0,0,0,0,0,0,0,0,2,0,0,0,0,0,0,0,0,0,0,0,0,0,0,0,22,0,41,0,0,0,0,0,0,0,2,15,0,0,0,0,0,0,0,0,0,0,0,0,0,0,0,5,0,4,0,0,0,0,0,0,11,0,0,5,0,0,0,0,0,2,0,108580,0,0,0,0,17,0,0,0,0,0,0,0,0,0,0,0,0,0,0,0,0,0,0,2,0,0,0,0,0,0,0,0,0,0,0,0,0,0,0,0,0,0,0,0,0,30,0,0,0,0,16,10,0,0,0,0,0,0,1307,0,0,0,0,0,0,1,0,0,0,0,0,0,6,0,0,0,0,3,17,0,0,53687,0,0,0,0,0,0,0,0,0,0,0,0,0,0,55434,0,0,53134,108580
mon_14_13,0,0,0,0,0,0,0,0,0,0,0,0,0,0,0,0,0,0,0,0,0,0,0,0,0,0,0,0,0,0,0,0,16,0,0,46,0,14,0,14,0,4,0,0,0,0,0,0,0,0,7,0,0,0,0,0,0,0,2,0,0,0,0,0,0,0,21,0,0,0,0,0,0,551,0,0,0,0,0,0,0,0,0,0,0,0,0,0,0,580,0,587,0,102517,0,0,0,0,0,0,0,0,0,0,789,77,0,0,794,0,0,0,0,0,1,0,0,0,0,0,0,0,0,0,0,3,0,0,0,14,0,0,0,104,165,0,129,368,0,0,0,0,0,0,0,0,0,0,0,592,0,0,0,0,0,0,0,0,0,0,0,0,0,0,0,0,0,0,0,3,0,0,0,721,0,71430,0,0,28,0,41,0,0,0,0,0,123,0,0,0,76017,0,26352,102517
hor_14_3,0,0,0,0,0,0,0,0,0,0,0,0,0,0,0,0,0,0,0,0,0,0,0,0,0,0,0,0,0,0,0,0,0,0,0,0,0,0,0,0,0,0,0,0,7,0,0,0,0,0,0,0,0,0,0,0,0,0,0,0,0,0,0,0,0,0,0,0,0,0,0,0,0,0,0,0,0,0,0,0,0,0,0,0,0,0,0,0,0,0,0,0,0,0,131604,0,0,0,0,0,0,0,0,0,0,0,0,0,0,0,0,0,0,0,0,0,0,0,0,0,0,0,0,0,0,0,0,0,0,0,0,0,0,0,0,0,0,0,0,0,0,0,0,0,0,0,0,0,0,0,0,0,0,6,0,0,0,0,0,0,0,0,0,0,0,0,0,0,0,0,0,0,0,0,0,0,30448,0,0,0,0,0,0,0,1,0,28319,0,0,0,0,0,103284,131604
censat_14_47,0,0,0,0,0,0,0,0,0,0,0,0,0,0,0,0,0,0,0,0,0,0,0,0,0,0,0,0,0,0,0,0,0,0,0,0,0,0,0,0,0,0,0,0,0,0,0,0,0,0,0,0,0,0,0,0,0,0,0,0,0,0,0,0,0,0,0,0,0,0,0,0,0,0,0,0,0,0,0,0,0,0,0,0,0,0,0,0,0,0,0,0,0,0,0,121846,0,0,0,0,0,0,0,0,0,0,0,0,0,0,0,0,0,0,0,0,0,0,0,0,0,0,0,0,0,0,0,0,0,0,0,0,0,0,0,0,0,0,0,0,0,0,0,0,0,0,0,0,0,0,0,0,0,0,0,0,0,0,0,0,0,0,0,0,0,0,0,0,0,0,0,0,0,0,0,0,0,85561,0,0,0,0,85564,0,0,0,0,0,0,0,0,0,36280,121846
bsat_15_1,0,0,0,0,0,3011,0,0,0,0,0,0,0,0,0,0,0,0,0,0,0,0,0,0,0,0,0,0,0,0,0,0,0,0,0,0,0,0,0,0,0,0,0,0,0,0,36,0,0,0,0,0,0,0,0,0,0,0,0,0,0,0,0,0,0,0,0,0,0,1850,0,0,0,0,0,0,0,0,0,0,53816,0,0,1806,0,2024,0,3200,0,0,0,0,0,0,0,0,345467,0,0,0,0,1744,0,0,0,0,0,0,0,0,0,0,0,0,0,0,0,0,0,0,0,0,0,0,0,0,0,0,0,0,0,0,0,0,0,0,0,0,0,0,110351,0,0,0,0,2667,0,0,0,0,0,0,0,0,0,153779,0,0,0,0,2156,0,0,0,11629,0,0,0,2578,0,0,0,0,0,0,0,0,0,0,0,0,193201,0,0,0,0,0,0,0,0,0,0,151290,345467
hsat3_15_2,0,0,0,0,23,0,0,0,0,0,0,0,0,0,0,0,0,0,0,0,0,0,0,0,0,0,0,0,0,82,0,0,0,0,0,0,28,0,0,0,0,0,0,0,0,42,0,139,0,0,0,0,0,0,0,6,3,0,0,0,0,0,0,0,0,0,0,0,2,0,63,0,21,0,0,0,0,0,0,0,0,3484,0,0,67,0,7,0,5,0,2,0,17,0,0,0,0,100655,0,0,0,0,0,0,0,0,9,0,0,0,0,0,0,0,0,0,0,33,0,0,0,0,0,0,0,0,0,0,0,0,0,0,0,0,0,0,0,0,56,0,0,53567,0,2,0,0,7,70,149,0,0,0,0,0,0,0,3671,0,0,0,0,0,53,0,0,10,1,0,0,0,0,19,7,0,4,0,0,0,0,0,0,0,0,0,0,0,0,0,0,55156,0,0,45466,100655
hsat1_15_1,0,0,0,0,0,0,0,0,0,0,0,0,0,0,7793,23393,0,0,0,0,0,0,0,0,0,0,0,0,0,0,0,0,0,0,0,0,0,0,0,0,0,0,0,0,0,0,0,0,0,0,0,0,0,0,0,0,0,0,0,0,0,0,0,0,0,0,0,36286,0,0,0,0,0,0,0,0,0,0,0,0,0,0,0,0,0,0,0,0,0,0,0,0,0,0,0,0,0,0,111616,0,0,0,0,0,0,0,0,0,0,0,0,0,0,0,0,0,0,0,0,0,0,0,0,0,0,0,0,0,0,0,0,0,0,0,0,0,0,0,0,0,0,0,24764,0,0,0,0,0,0,0,0,0,9,0,0,0,0,29836,0,0,0,0,0,0,0,0,0,0,0,0,0,0,0,0,0,0,0,0,0,0,0,0,0,0,0,0,0,52616,0,0,0,0,59000,111616
hsat3_15_3,0,0,0,0,11,0,82,0,0,0,0,0,0,0,0,0,59423,0,0,12518,0,0,0,0,0,0,0,0,0,0,0,0,0,0,0,0,41,0,0,0,0,0,0,0,0,5,0,105,0,0,0,0,0,0,0,15,80,0,0,0,0,0,0,0,0,0,0,0,48381,0,8,0,12004,0,0,0,0,0,0,0,0,0,39502,0,5,0,0,0,23,0,0,0,0,0,0,0,0,0,0,97286,0,0,0,0,0,0,0,0,0,0,0,0,0,0,0,0,0,0,0,0,0,0,0,0,0,0,0,0,0,0,0,0,0,0,0,0,0,0,0,0,0,0,0,48281,163,0,8,2,5,0,0,0,0,0,0,0,9,0,85563,0,0,0,12,7053,0,34,7,0,0,0,0,0,10,0,0,0,0,0,0,0,0,0,0,0,0,0,0,0,0,90150,0,0,7098,97286
censat_15_7,0,0,0,0,0,0,0,0,0,0,0,0,0,0,0,0,0,6435,0,0,0,0,0,0,0,0,0,0,0,0,0,0,0,0,0,0,0,0,0,0,0,0,0,0,0,0,0,0,0,0,0,0,0,0,0,0,0,0,0,0,0,0,0,0,0,0,0,0,0,0,0,0,0,0,0,0,0,0,1716,0,0,0,0,0,0,0,0,0,0,0,0,0,0,0,0,0,0,0,0,0,27830,0,0,0,0,0,0,0,0,0,0,0,0,0,0,0,0,0,0,0,0,0,0,0,0,0,0,0,0,0,0,0,0,0,0,0,0,0,0,1303,0,0,0,0,0,0,0,0,0,0,0,0,0,0,1632,0,0,0,0,6558,0,0,0,0,0,0,0,0,0,0,0,0,0,0,0,0,0,0,0,0,0,0,7220,1039,0,1106,0,0,0,0,0,845,17163,27830
bsat_15_5,0,0,0,0,0,3241,0,0,0,0,0,0,0,0,0,0,0,0,0,0,0,0,0,0,0,0,0,0,0,0,0,0,0,0,0,0,0,0,0,0,0,0,0,0,0,0,31,0,0,0,0,0,0,0,0,0,0,0,0,0,0,0,0,0,0,0,0,0,0,157036,0,0,0,0,0,0,0,0,0,0,1734,0,0,132776,0,2006,0,3476,0,0,0,0,0,0,0,0,1744,0,0,0,0,163100,0,0,0,0,0,0,0,0,0,0,0,0,0,0,0,0,0,0,0,0,0,0,0,0,0,0,0,0,0,0,0,0,0,0,0,0,0,0,1953,0,0,0,0,3209,0,0,0,0,0,0,0,0,0,2087,0,0,0,0,5212,0,0,0,1257,0,0,0,2389,0,0,0,0,0,0,0,0,0,0,0,0,158922,0,0,0,0,0,0,0,0,0,0,3281,163100
hsat1_15_3,0,0,0,0,0,0,0,0,0,0,0,0,0,0,0,0,0,0,0,0,0,0,0,0,0,0,0,0,0,0,0,0,0,0,0,0,0,0,0,0,0,0,0,0,0,0,0,0,0,0,0,0,0,0,0,0,0,0,0,0,0,0,0,0,0,0,0,0,0,0,0,0,0,0,0,0,14,0,0,0,0,0,0,0,0,0,0,0,0,0,0,0,0,0,0,0,0,0,0,0,0,0,39664,0,0,0,0,0,0,0,0,0,0,0,0,0,0,0,0,0,0,0,0,0,0,0,0,0,0,0,0,0,0,0,0,0,0,0,0,0,0,0,0,0,0,0,0,0,0,0,0,0,85,0,0,0,0,0,0,0,0,162,0,0,0,0,0,0,0,0,0,0,0,0,0,0,0,0,0,0,0,0,0,0,0,0,0,1722,0,0,0,0,37933,39664
hsat3_15_7,0,0,0,0,8,0,0,0,0,0,0,0,0,0,0,0,0,0,0,0,0,0,0,0,0,0,0,0,0,18,0,0,0,0,0,0,1,0,0,0,0,0,0,0,0,8,0,121,0,8,0,0,0,0,0,28,0,0,0,0,0,0,0,0,0,0,0,0,22,0,33,0,0,0,0,0,0,0,0,0,0,6,0,0,9,0,0,0,0,0,220,0,0,0,0,0,0,0,0,0,0,0,0,595078,0,0,5,0,0,0,0,0,0,0,0,0,0,1,0,0,0,7,0,0,0,0,0,0,0,0,0,0,0,0,0,0,0,0,17,0,0,0,0,0,0,0,0,1,12,0,0,0,0,0,0,0,6,0,4,0,0,0,24,0,0,0,0,0,0,0,0,1,271,0,0,0,0,0,0,0,0,0,0,0,0,0,0,0,0,4060,0,0,591017,595078
mon_15_1,0,0,0,0,0,0,0,0,0,0,7,0,0,0,0,0,0,0,0,0,0,0,0,0,0,0,0,0,0,0,0,0,6,0,0,0,0,0,0,3,0,0,0,0,0,0,0,0,0,0,3,0,0,0,2,0,0,0,0,0,0,19,0,0,0,0,22,0,0,0,0,0,0,29868,0,0,0,0,0,0,0,0,0,0,0,0,0,0,0,31029,0,18434,0,789,0,0,0,0,0,0,0,0,0,0,138947,32,0,50,1994,21,0,0,0,0,0,0,0,0,0,0,0,0,0,0,0,0,0,0,0,19,0,0,0,77,111,0,151,2129,0,0,0,0,0,0,0,0,0,0,0,29713,0,0,0,0,0,0,0,0,0,0,0,0,0,0,0,0,0,0,0,0,0,0,0,17836,0,854,0,0,22,0,5,0,0,0,0,0,1710,0,0,0,50795,0,86439,138947
mon_15_7,0,0,0,0,0,0,0,0,0,0,30,0,0,0,0,0,0,0,0,0,0,0,0,0,0,0,8,0,0,0,0,0,27,0,0,49,0,28,0,30,0,27,22,0,0,0,0,0,0,0,39,0,0,0,0,0,0,0,60,50,0,2,0,0,0,2,40,0,0,0,0,0,0,17,31,0,0,0,0,0,0,0,0,0,0,0,0,0,0,18,0,82,0,77,0,0,0,0,0,0,0,0,0,0,32,93626,0,0,66,0,0,0,0,0,29,0,0,0,0,0,0,0,0,0,0,0,0,0,0,23,0,0,0,287,40,164,2285,32,0,0,0,0,0,0,0,0,0,0,0,17,0,0,0,0,0,0,0,0,0,0,0,0,0,0,0,0,0,0,0,0,0,0,0,82,0,75,0,0,0,1,35,0,0,0,31,0,1064,0,0,31,24380,1,68058,93626
hsat3_15_12,0,0,0,0,0,0,0,0,0,0,0,0,0,0,0,0,0,0,0,0,0,0,0,0,0,0,0,0,0,5,0,0,0,0,0,0,23,0,0,0,0,0,0,0,0,7,0,64,0,0,0,0,0,0,0,0,0,0,0,0,0,0,0,0,0,0,0,0,5,0,21,0,0,0,3572,0,0,0,0,0,0,6,0,0,8,0,0,0,0,0,32,0,0,0,0,0,0,9,0,0,0,0,0,5,0,0,169863,0,0,0,0,0,0,0,0,0,0,0,5,0,0,0,0,0,0,0,0,0,0,0,0,0,0,0,0,0,0,0,42,0,0,0,0,0,0,0,9,6,3,0,3584,0,0,0,0,0,0,0,0,0,0,0,5,0,0,12,0,0,0,0,150,0,31,0,5,0,0,0,0,0,0,0,0,0,0,0,0,0,0,4682,0,0,165181,169863
hor_15_1,0,0,0,0,0,0,0,0,0,0,0,0,0,0,0,0,0,0,0,0,0,0,0,0,0,0,0,0,0,0,0,0,0,0,0,0,0,0,0,0,0,0,0,0,0,0,0,0,0,0,0,0,0,0,0,0,0,0,0,0,0,0,0,0,0,0,0,0,0,0,0,0,0,74,0,0,0,0,0,0,0,0,0,0,0,0,0,0,0,74,0,28,0,0,0,0,0,0,0,0,0,0,0,0,50,0,0,28859,294,196,0,0,0,0,0,0,0,0,0,0,0,0,0,0,0,0,0,0,0,0,0,0,0,0,0,0,0,0,0,0,0,0,0,0,0,0,0,0,0,74,0,0,0,0,0,0,0,0,0,0,0,0,0,0,0,0,0,0,0,0,0,0,0,46,0,0,0,0,0,0,0,0,0,0,0,0,161,0,0,0,398,0,28300,28859
mon_15_11,0,0,0,0,0,0,0,0,0,0,13,0,0,0,0,0,0,0,0,0,0,0,0,0,0,0,0,0,0,0,0,0,9,0,0,45,0,8,0,8,0,8,0,0,0,0,0,0,0,0,4,0,0,0,0,0,0,0,0,0,0,0,0,0,0,0,0,0,0,0,0,0,0,1727,0,0,0,0,0,0,0,0,0,0,0,0,0,0,0,1639,0,1718,0,794,0,0,0,0,0,0,0,0,0,0,1994,66,0,294,106100,263,0,0,0,0,0,0,0,0,0,0,0,0,0,0,0,0,0,0,0,0,0,0,0,87,68,0,178,580,0,0,0,0,0,0,0,0,0,0,0,1691,0,0,0,0,0,0,0,0,0,0,0,0,0,0,0,0,0,0,0,0,0,0,0,1739,0,819,0,0,0,0,6,0,0,0,0,0,583,0,0,0,9297,0,96220,106100
hor_15_2,0,0,0,0,0,0,0,0,0,0,0,0,0,0,0,0,0,0,0,0,0,0,0,0,0,0,0,0,0,0,0,0,0,0,0,0,0,0,0,0,0,0,0,0,0,0,0,0,0,0,0,0,0,0,0,0,0,0,0,0,0,0,0,0,0,0,0,0,0,0,0,0,0,0,0,0,0,0,0,0,0,0,0,0,0,0,0,0,0,0,0,17,0,0,0,0,0,0,0,0,0,0,0,0,21,0,0,196,263,21639,0,0,0,0,0,0,0,0,0,0,0,0,0,0,0,0,0,0,0,0,0,0,0,0,0,0,0,0,0,0,0,0,0,0,0,0,0,0,0,0,0,0,0,0,0,0,0,0,0,0,0,0,0,0,0,0,0,0,0,0,0,0,0,8,0,0,0,0,0,0,0,0,0,0,0,0,161,0,0,0,296,0,21182,21639
hor_15_3,0,0,0,0,0,0,0,0,0,0,0,0,0,0,0,0,0,0,0,0,35,0,44,0,18,0,0,0,0,0,0,0,0,0,0,0,0,0,0,0,0,0,0,0,49,0,0,0,0,0,0,0,0,0,0,0,0,0,0,0,0,0,0,0,0,0,0,0,0,0,0,0,0,0,0,0,0,0,0,0,0,0,0,0,0,0,0,0,0,0,0,0,0,0,0,0,0,0,0,0,0,0,0,0,0,0,0,0,0,0,58756,0,0,0,0,0,0,0,0,0,0,0,0,7,1,0,0,0,0,0,51,0,0,0,0,0,0,0,0,0,0,0,0,0,0,0,0,0,0,0,0,0,0,10,0,0,0,0,0,0,0,0,0,0,0,0,0,0,0,0,0,0,0,0,0,0,3,0,0,0,0,0,0,0,21,0,122,0,0,0,3,0,58610,58756
mon_16_1,0,0,0,0,0,0,0,0,0,0,0,0,0,0,0,0,0,0,0,0,0,0,0,0,0,0,0,0,0,0,0,0,0,0,0,0,0,3763,0,8411,0,0,0,0,0,0,0,0,0,0,0,0,0,0,0,0,0,0,0,0,0,0,0,0,0,0,0,0,0,0,0,0,0,0,0,0,0,0,0,0,0,0,0,0,0,0,0,0,0,0,0,0,0,0,0,0,0,0,0,0,0,0,0,0,0,0,0,0,0,0,0,102948,80204,0,0,0,0,0,0,0,0,0,0,0,0,0,0,0,0,0,0,0,0,0,0,0,0,0,0,0,0,0,0,0,0,0,0,0,0,0,0,0,0,0,0,0,0,0,0,0,0,0,0,0,0,0,0,0,0,0,0,0,0,0,0,0,0,0,0,0,0,0,0,0,0,0,0,0,0,0,82182,0,20707,102948
mon_16_2,0,0,0,0,0,0,0,0,0,0,0,0,0,0,0,0,0,0,0,0,0,0,0,0,0,0,0,0,0,0,0,0,0,0,0,0,0,2981,0,13231,0,0,0,0,0,0,0,0,0,0,0,0,0,0,0,0,0,0,0,0,0,0,0,0,0,0,0,0,0,0,0,0,0,0,0,0,0,0,0,0,0,0,0,0,0,0,0,0,0,0,0,0,0,0,0,0,0,0,0,0,0,0,0,0,0,0,0,0,0,0,0,80204,130827,0,0,0,0,0,0,0,0,0,0,0,0,0,0,0,0,0,0,0,0,0,0,0,0,0,0,0,0,0,0,0,0,0,0,0,0,0,0,0,0,0,0,0,0,0,0,0,0,0,0,0,0,0,0,0,0,0,0,0,0,0,0,0,0,0,0,0,0,0,0,0,0,0,0,0,0,0,86330,0,44434,130827
hor_16_2,0,2140,0,0,0,0,0,0,0,0,0,0,0,22,0,0,0,0,9,0,0,0,0,0,0,0,0,65,1146,0,0,0,0,0,0,0,0,0,0,0,0,0,0,0,0,0,0,0,0,0,0,0,0,0,0,0,0,0,0,0,0,0,0,0,0,0,0,0,0,0,0,0,0,0,0,0,0,0,0,0,0,0,0,0,0,0,0,0,0,0,0,0,0,0,0,0,0,0,0,0,0,0,0,0,0,0,0,0,0,0,0,0,0,133554,0,0,0,0,0,0,0,0,0,0,0,0,0,0,3526,0,0,0,0,0,0,0,0,0,0,0,0,0,0,0,0,0,0,0,0,0,0,0,0,0,0,0,0,0,0,0,0,0,0,0,0,0,0,0,0,0,0,0,0,0,0,0,0,0,0,0,0,0,0,0,16,0,4162,0,0,0,0,0,129345,133554
mon_16_6,0,0,0,0,0,0,0,0,0,0,14,0,0,0,0,0,0,0,0,0,0,0,0,0,0,0,26,0,0,0,0,0,14,0,0,41,0,37,0,45,0,41,26,0,0,0,0,0,0,0,8,0,0,0,0,0,0,0,57,41,0,0,0,0,0,16,29,0,0,0,0,0,0,4,0,0,0,0,0,0,0,0,0,0,0,0,0,0,0,0,0,0,0,1,0,0,0,0,0,0,0,0,0,0,0,29,0,0,0,0,0,0,0,0,143749,0,0,0,0,0,0,0,0,0,0,7,0,0,0,30,0,0,0,33,29,6,15,0,0,0,0,0,0,0,0,0,0,0,0,4,0,0,0,0,0,0,0,0,0,0,0,0,0,0,0,0,0,0,0,0,0,0,0,4,0,5,0,0,2,0,26,0,0,0,25,0,15,0,0,0,317,7,143382,143749
hsat2_16_15,0,0,0,0,0,0,0,11,0,0,0,0,0,0,0,0,0,0,0,0,0,0,0,0,0,0,0,0,0,0,0,0,0,0,0,0,0,0,0,0,0,0,0,0,0,0,0,0,0,0,0,0,0,0,0,0,0,0,0,0,0,0,0,0,0,0,0,0,0,0,0,0,0,0,0,0,0,0,0,0,0,0,0,0,0,0,0,0,0,0,0,0,0,0,0,0,0,0,0,0,0,0,0,0,0,0,0,0,0,0,0,0,0,0,0,790385,0,0,0,0,0,0,0,0,0,0,0,0,0,0,0,0,0,0,0,0,0,0,0,0,0,0,0,0,0,0,0,0,0,0,0,0,0,0,0,0,0,0,0,0,0,0,0,0,0,0,0,0,0,0,0,0,0,0,0,0,0,0,0,0,0,0,0,0,0,0,0,0,375,0,0,0,790010,790385
hsat3_17_1,0,0,0,0,3,0,0,0,0,0,0,0,0,0,0,0,0,0,0,0,0,0,0,0,0,0,0,0,0,3,0,0,0,0,0,0,0,0,0,0,0,0,0,0,0,7,0,2,0,4,0,0,0,0,0,3,5,0,0,0,0,0,0,0,0,0,0,0,0,0,6,0,0,0,0,0,0,0,0,0,0,3,0,0,27,0,8,0,0,0,3,0,2,0,0,0,0,0,0,0,0,0,0,0,0,0,0,0,0,0,0,0,0,0,0,0,138217,7,0,0,0,11,0,0,0,0,0,0,0,0,0,0,0,0,0,0,0,0,3,0,0,0,0,0,0,0,0,0,3,0,0,0,0,0,0,0,0,0,0,0,0,0,31,0,0,0,0,0,0,0,0,6,0,0,0,0,0,0,0,0,0,0,0,0,0,0,0,0,0,81,0,0,138136,138217
hsat3_17_2,0,0,0,0,121,0,0,0,0,0,0,0,0,0,0,0,25,0,0,5,0,0,0,0,0,0,0,0,0,149,0,0,0,0,0,0,96,0,0,0,0,0,0,0,0,158,0,290,0,0,0,0,0,0,0,65,81,0,0,0,0,0,0,0,0,0,0,0,6,0,99,0,12,0,0,0,0,0,0,0,0,33,18,0,118,0,34,0,5,0,1,0,0,0,0,0,0,33,0,0,0,0,0,1,0,0,0,0,0,0,0,0,0,0,0,0,7,121232,5,0,0,10,0,0,0,0,0,0,0,0,0,0,0,0,0,0,0,0,227,0,0,22,0,0,0,0,23,94,79,0,0,0,0,0,0,0,60,0,15,0,0,0,69,36,0,17,0,0,0,0,0,72,0,0,6,0,0,0,0,0,0,0,0,0,0,0,0,0,0,814,0,0,120410,121232
hsat3_17_4,0,0,0,0,10,0,0,0,0,0,0,0,0,0,0,0,5,0,0,0,0,0,0,0,0,0,0,0,0,25,0,0,0,0,0,0,29,0,0,0,0,0,0,0,0,0,0,40,0,138,0,0,0,0,0,15,5,0,0,0,0,0,0,0,0,0,0,0,15,0,35,0,5,0,0,0,0,0,0,0,0,0,0,0,7,0,0,0,3,0,17,0,0,0,0,0,0,0,0,0,0,0,0,0,0,0,5,0,0,0,0,0,0,0,0,0,0,5,101319,0,0,408,0,0,0,0,0,0,0,0,0,0,0,0,0,0,0,0,9,0,0,15,0,0,0,0,4,0,2,0,0,0,0,0,0,0,19,0,0,0,0,0,0,0,0,7,0,0,0,0,0,0,48,0,0,0,0,0,0,0,0,0,0,0,0,0,0,0,0,657,0,0,100662,101319
hor_17_1,0,0,0,0,0,0,0,0,0,0,0,0,0,0,0,0,0,0,0,0,0,0,0,0,0,0,0,0,0,0,0,0,0,0,0,0,0,0,0,0,0,0,0,0,0,0,0,0,0,0,0,0,0,0,0,0,0,0,0,0,0,0,0,0,0,0,0,0,0,0,0,0,0,0,0,0,0,0,0,0,0,0,0,0,0,0,0,0,0,0,0,0,0,0,0,0,0,0,0,0,0,0,0,0,0,0,0,0,0,0,0,0,0,0,0,0,0,0,0,73757,370,0,0,0,0,0,0,0,0,0,0,0,0,0,0,0,0,0,0,0,0,0,0,0,0,0,0,0,0,0,0,0,0,0,0,0,0,0,0,0,0,0,0,0,0,0,0,0,0,0,0,0,0,0,0,0,0,0,0,0,0,0,0,0,5,0,588,0,0,0,0,0,73156,73757
hor_17_2,0,0,26,0,0,0,0,0,0,0,0,0,0,0,0,0,0,0,0,0,0,0,0,0,0,0,0,0,0,0,0,0,0,0,0,0,0,0,0,0,0,0,0,0,0,0,0,0,0,0,0,0,0,0,0,0,0,0,0,0,4,0,0,0,0,0,0,0,0,0,0,0,0,0,0,0,0,0,0,0,0,0,0,0,0,0,0,0,0,0,0,0,0,0,0,0,0,0,0,0,0,0,0,0,0,0,0,0,0,0,0,0,0,0,0,0,0,0,0,370,238905,0,0,0,0,0,0,0,0,0,0,0,0,0,0,0,0,0,0,0,0,0,0,0,0,0,0,0,0,0,0,0,0,0,0,0,0,0,0,0,0,0,0,0,0,0,0,0,0,0,0,0,0,0,0,0,0,0,0,0,0,0,0,0,13,0,504,0,0,0,0,0,238353,238905
hsat3_17_5,0,0,0,0,0,0,0,0,0,0,0,0,0,0,0,0,2,0,0,3,0,0,0,0,0,0,0,0,0,9,0,0,0,0,0,0,13,0,0,0,0,0,0,0,0,14,0,75,0,257,0,0,0,0,0,4,0,0,0,0,0,0,0,0,0,0,0,0,9,0,17,0,0,0,15,0,0,0,0,0,0,0,7,0,11,0,13,0,22,0,114,0,0,0,0,0,0,0,0,0,0,0,0,7,0,0,0,0,0,0,0,0,0,0,0,0,11,10,408,0,0,158077,0,0,0,0,0,0,0,0,0,0,0,0,0,0,0,0,31,0,0,0,0,5,0,0,0,14,28,0,0,2,0,0,0,0,3,0,9,0,0,0,11,0,0,8,0,0,0,0,0,2,209,0,0,0,0,0,0,0,0,0,0,0,0,0,0,0,0,1076,0,0,157001,158077
hor_18_1,0,0,0,0,0,0,0,0,0,0,0,0,0,0,0,0,0,0,0,0,0,0,0,0,0,0,0,0,0,0,0,0,0,0,0,0,0,0,0,0,0,0,0,0,0,0,0,0,0,0,0,0,0,0,0,0,0,0,0,0,0,0,0,0,0,0,0,0,0,0,0,0,0,0,0,0,0,0,0,0,0,0,0,0,0,0,0,0,0,0,0,0,0,0,0,0,0,0,0,0,0,0,0,0,0,0,0,0,0,0,0,0,0,0,0,0,0,0,0,0,0,0,62728,0,46,0,0,0,0,0,0,0,0,0,0,0,0,0,0,0,0,0,0,0,0,0,0,0,0,0,0,0,0,0,0,0,0,0,0,0,0,0,0,0,0,0,0,0,0,0,0,0,0,0,0,0,0,0,0,0,0,0,0,0,0,0,279,0,0,0,0,0,62445,62728
hor_18_3,0,0,0,0,0,0,0,0,0,9,0,0,0,0,0,0,0,0,0,0,3,0,0,0,0,0,0,0,0,0,0,0,0,0,0,0,0,0,0,0,0,0,0,27,19,0,0,0,0,0,0,0,0,0,0,0,0,0,0,0,0,0,0,0,0,0,0,0,0,0,0,0,0,0,0,0,0,0,0,0,0,0,0,0,0,0,0,0,0,0,0,0,0,0,0,0,0,0,0,0,0,0,0,0,0,0,0,0,0,0,7,0,0,0,0,0,0,0,0,0,0,0,0,327058,3,0,0,0,0,0,359,80,0,0,0,0,0,0,0,0,0,0,0,0,0,0,0,0,0,0,0,0,0,0,0,0,0,0,0,0,0,0,0,0,0,0,0,0,0,0,0,0,0,0,0,0,0,0,0,0,0,0,0,0,82,0,431,0,0,0,0,0,326545,327058
hor_18_5,0,0,0,0,0,0,0,0,0,0,0,0,0,0,0,0,0,0,0,0,21,0,0,0,0,0,0,0,0,0,0,0,0,0,0,0,0,0,0,0,0,0,0,0,18,0,0,0,0,0,0,0,0,0,0,0,0,0,0,0,0,0,0,0,0,0,0,0,0,0,0,0,0,0,0,0,0,0,0,0,0,0,0,0,0,0,0,0,0,0,0,0,0,0,0,0,0,0,0,0,0,0,0,0,0,0,0,0,0,0,1,0,0,0,0,0,0,0,0,0,0,0,46,3,27433,0,0,0,0,0,17,0,0,0,0,0,0,0,0,0,0,0,0,0,0,0,0,0,0,0,0,0,0,0,0,0,0,0,0,0,0,0,0,0,0,0,0,0,0,0,0,0,0,0,0,0,0,0,0,0,0,0,0,0,88,0,1051,0,0,0,0,0,26275,27433
mon_19_2,0,0,0,0,0,0,0,0,0,0,0,0,0,0,0,0,0,0,0,0,0,0,0,0,0,0,0,0,0,0,0,0,4,0,0,28,0,6,0,6,0,3,0,0,0,0,0,0,0,0,0,0,0,0,0,0,0,0,0,18,0,0,0,0,0,0,5,0,0,0,0,0,0,3,0,0,0,0,0,0,0,0,0,0,0,0,0,0,0,3,0,0,0,3,0,0,0,0,0,0,0,0,0,0,0,0,0,0,0,0,0,0,0,0,7,0,0,0,0,0,0,0,0,0,0,165522,0,0,0,19,0,0,0,4,5,0,0,0,0,0,0,0,0,0,0,0,0,0,0,3,0,0,0,0,0,0,0,0,0,0,0,0,0,0,0,0,0,0,0,0,0,0,0,3,0,3,0,0,0,0,5,0,0,0,0,0,0,0,0,0,41525,0,123997,165522
hor_19_2,0,0,0,0,0,0,0,0,0,0,0,0,0,0,0,0,0,0,0,0,0,0,0,0,0,0,0,0,0,0,0,3473,0,0,0,0,0,0,0,0,0,0,0,0,0,0,0,0,0,0,0,0,0,0,0,0,0,0,0,0,0,0,0,0,0,0,0,0,0,0,0,0,0,0,0,0,0,0,0,0,0,0,0,0,0,0,0,0,0,0,0,0,0,0,0,0,0,0,0,0,0,0,0,0,0,0,0,0,0,0,0,0,0,0,0,0,0,0,0,0,0,0,0,0,0,0,112483,0,0,0,0,0,0,0,0,0,0,0,0,0,0,0,0,0,0,0,0,0,0,0,0,0,0,0,0,0,0,0,0,0,0,0,0,0,0,0,0,0,0,0,0,0,0,0,0,0,0,0,0,0,0,0,0,0,0,0,7353,0,0,0,0,0,105068,112483
hor_19_4,0,0,0,0,0,0,0,0,0,0,0,0,0,0,0,0,0,0,0,0,0,0,0,0,0,0,0,0,0,0,1,0,0,0,0,0,0,0,0,0,0,0,0,0,0,0,0,0,0,0,0,0,0,0,0,0,0,0,0,0,0,0,0,0,0,0,0,0,0,0,0,0,0,0,0,0,0,0,0,0,0,0,0,0,0,0,0,0,0,0,0,0,0,0,0,0,0,0,0,0,0,0,0,0,0,0,0,0,0,0,0,0,0,0,0,0,0,0,0,0,0,0,0,0,0,0,0,29621,0,0,0,0,0,0,0,0,0,0,0,0,0,0,0,0,0,0,0,0,0,0,0,0,0,0,0,0,0,0,0,0,0,0,0,0,0,0,0,0,0,0,0,0,0,0,0,0,0,0,0,0,0,0,0,0,1387,0,3319,0,0,0,0,0,24903,29621
hor_19_8,0,51504,0,0,0,0,0,0,0,0,0,2,0,2,0,0,0,0,0,0,0,0,0,0,0,0,0,10,13318,0,0,0,0,0,4,0,0,0,0,0,0,0,0,0,0,0,0,0,0,0,0,41,0,0,0,0,0,0,0,0,0,0,0,0,3,0,0,0,0,0,0,0,0,0,0,0,0,0,0,0,0,0,0,0,0,0,0,0,0,0,0,0,0,0,0,0,0,0,0,0,0,0,0,0,0,0,0,0,0,0,0,0,0,3526,0,0,0,0,0,0,0,0,0,0,0,0,0,0,490458,0,0,0,0,0,0,0,0,0,0,0,0,0,0,0,0,0,0,0,0,0,0,0,0,0,0,0,0,0,0,0,0,0,0,0,0,0,0,0,0,0,0,0,0,0,0,0,0,0,0,0,0,0,0,0,150,0,59222,0,0,0,0,0,431066,490458
mon_19_5,0,0,0,0,0,0,0,0,0,0,67,0,0,0,0,0,0,0,0,0,0,0,0,0,0,0,26,0,0,0,0,0,30,0,2,24,0,48,0,52,0,33,17,0,0,0,0,0,0,0,28,0,0,0,4,0,0,0,126,11,0,4,0,2,0,10,20,0,0,0,0,0,0,19,0,0,0,0,0,0,0,0,0,0,0,0,0,0,0,20,0,0,0,14,0,0,0,0,0,0,0,0,0,0,19,23,0,0,0,0,0,0,0,0,30,0,0,0,0,0,0,0,0,0,0,19,0,0,0,319871,0,0,0,16,23,0,5,7,0,0,0,0,0,0,0,0,0,0,0,15,0,0,0,0,0,0,0,0,0,0,0,0,0,0,0,0,0,0,0,0,0,0,0,3,0,30,0,0,29,0,25,0,0,0,37,0,7,0,0,0,10535,0,309281,319871
hor_20_1,0,0,0,0,0,0,0,0,0,0,0,0,0,0,0,0,0,0,0,0,44,0,52,0,26,0,0,0,0,0,0,0,0,0,0,0,0,0,0,0,0,0,0,0,66,0,0,0,0,0,0,0,0,0,0,0,0,0,0,0,0,1,0,0,0,0,0,0,0,0,0,0,0,0,0,0,0,0,0,0,0,0,0,0,0,0,0,0,0,0,0,0,0,0,0,0,0,0,0,0,0,0,0,0,0,0,0,0,0,0,51,0,0,0,0,0,0,0,0,0,0,0,0,359,17,0,0,0,0,0,141702,25,0,0,0,0,0,0,0,0,0,0,0,0,0,0,0,0,0,0,0,0,0,0,0,0,0,0,0,0,0,0,0,0,0,0,0,0,0,0,0,0,0,0,0,0,0,0,0,0,0,0,0,0,426,0,499,0,0,0,0,1,140742,141702
hor_20_2,0,0,0,0,0,0,0,0,0,1231,0,0,0,0,0,0,0,0,0,0,19,0,15,0,4,0,0,0,0,0,0,0,0,0,0,0,0,0,0,0,0,0,0,14,32,0,0,0,0,0,0,0,0,0,0,0,0,0,0,0,0,0,0,0,0,0,0,0,0,0,0,0,0,0,0,0,0,0,0,0,0,0,0,0,0,0,0,0,0,0,0,0,0,0,0,0,0,0,0,0,0,0,0,0,0,0,0,0,0,0,0,0,0,0,0,0,0,0,0,0,0,0,0,80,0,0,0,0,0,0,25,144966,24,0,0,0,0,0,0,0,0,0,0,0,0,0,0,0,0,0,0,0,0,0,0,0,0,0,0,0,0,0,0,0,0,0,0,0,0,0,0,0,0,0,0,0,0,0,0,0,0,0,0,0,81,0,1148,0,0,0,0,0,143710,144966
hor_20_3,0,0,0,0,0,0,0,0,0,0,0,0,0,0,0,0,0,0,0,0,0,0,0,0,0,0,0,0,0,0,0,0,0,0,0,0,0,0,0,0,0,0,0,0,0,0,0,0,0,0,0,0,0,0,0,0,0,0,0,0,0,0,0,0,0,0,0,0,0,0,0,0,0,0,0,0,0,0,0,0,0,0,0,0,0,0,0,0,0,0,0,0,0,0,0,0,0,0,0,0,0,0,0,0,0,0,0,0,0,0,0,0,0,0,0,0,0,0,0,0,0,0,0,0,0,0,0,0,0,0,0,24,103751,0,0,0,0,0,0,0,0,0,0,0,0,0,0,0,0,0,0,0,0,0,0,0,0,0,0,0,0,0,0,0,0,0,0,0,0,0,0,0,0,0,0,0,0,0,0,0,0,0,0,0,101,0,24,0,0,0,0,0,103626,103751
mon_20_4,0,0,0,0,0,0,0,0,0,0,3,0,0,0,0,0,0,0,0,0,0,0,0,0,0,0,9,0,0,0,0,0,7,0,12,45,0,10,0,12,0,15,15,0,0,0,0,0,0,0,12,0,0,0,0,0,0,0,38,7,0,0,0,0,0,8,18,0,0,0,0,0,0,1,0,0,0,0,0,0,0,0,0,0,0,0,0,0,0,18,0,217,0,104,0,0,0,0,0,0,0,0,0,0,77,287,0,0,87,0,0,0,0,0,33,0,0,0,0,0,0,0,0,0,0,4,0,0,0,16,0,0,0,81693,78,0,389,78,0,0,0,0,0,0,0,0,0,0,0,17,0,0,0,0,0,0,0,0,0,0,0,0,0,0,0,0,0,0,0,0,0,0,0,196,0,102,0,0,3,0,36,0,0,0,56,0,0,0,0,0,2753,0,78884,81693
mon_20_5,0,0,0,0,0,0,0,0,0,0,35,0,0,0,0,0,0,0,0,0,0,0,0,0,0,0,3,0,0,0,0,0,26,0,0,48,0,34,0,34,0,33,0,0,0,0,0,0,0,0,6,0,0,0,4,0,0,0,25,13,0,0,0,0,0,0,40,0,0,0,0,0,0,43,0,0,0,0,0,0,0,0,0,0,0,0,0,0,0,81,0,78,0,165,0,0,0,0,0,0,0,0,0,0,111,40,0,0,68,0,0,0,0,0,29,0,0,0,0,0,0,0,0,0,0,5,0,0,0,23,0,0,0,78,91964,0,123,94,0,0,0,0,0,0,0,0,0,0,0,80,0,0,0,0,0,0,0,0,0,0,0,0,0,0,0,0,0,0,0,0,0,0,0,77,0,133,0,0,27,0,49,0,0,0,6,0,0,0,0,0,3467,0,88201,91964
hor_20_4,0,0,0,0,0,0,0,0,0,0,6,0,0,0,0,0,0,0,0,0,0,0,0,0,0,0,15,0,0,0,0,0,0,0,0,0,0,0,0,6,0,3,0,0,0,0,0,0,0,0,4,0,0,0,0,0,0,0,12,22,0,0,0,0,0,16,0,0,0,0,0,0,0,0,0,0,0,0,0,0,0,0,0,0,0,0,0,0,0,0,0,0,0,0,0,0,0,0,0,0,0,0,0,0,0,164,0,0,0,0,0,0,0,0,6,0,0,0,0,0,0,0,0,0,0,0,0,0,0,0,0,0,0,0,0,55795,0,0,0,0,0,0,0,0,0,0,0,0,0,0,0,0,0,0,0,0,0,0,0,0,0,0,0,0,0,0,0,0,0,0,0,0,0,0,0,0,0,0,0,0,6,0,0,0,8,0,0,0,0,0,357,9,55421,55795
mon_20_9,0,0,0,0,0,0,0,0,0,0,0,0,0,0,0,0,0,0,0,0,0,0,0,0,0,0,12,0,0,0,0,0,5,0,0,16,0,16,0,16,0,0,0,0,0,0,0,0,0,0,23,0,0,0,11,0,0,0,17,0,0,8,0,0,0,0,23,0,0,0,0,0,0,119,0,0,0,0,0,0,0,0,0,0,0,0,0,0,0,117,0,313,0,129,0,0,0,0,0,0,0,0,0,0,151,2285,0,0,178,0,0,0,0,0,15,0,0,0,0,0,0,0,0,0,0,0,0,0,0,5,0,0,0,389,123,0,90752,126,0,0,0,0,0,0,0,0,0,0,0,119,0,0,0,0,0,0,0,0,0,0,0,0,0,0,0,0,0,0,0,0,0,0,0,341,0,116,0,0,0,0,30,0,0,0,0,0,20,0,0,0,6916,0,83790,90752
mon_20_15,0,0,0,0,0,0,0,0,0,0,5,0,0,0,0,0,0,0,0,0,0,0,0,0,0,0,0,0,0,0,0,0,0,0,0,5,0,23,0,23,0,0,0,0,0,0,0,0,0,0,0,0,0,0,0,0,0,0,0,6,0,0,0,0,0,0,5,0,0,0,0,0,0,1847,0,0,0,0,0,0,0,0,0,0,0,0,0,0,0,1790,0,2747,0,368,0,0,0,0,0,0,0,0,0,0,2129,32,0,0,580,0,0,0,0,0,0,0,0,0,0,0,0,0,0,0,0,0,0,0,0,7,0,0,0,78,94,0,126,87086,0,0,0,0,0,0,0,0,0,0,0,1811,0,0,0,0,0,0,0,0,0,0,0,0,0,0,0,0,0,0,0,49,0,0,0,2438,0,387,0,0,0,0,9,0,0,0,0,0,152,0,0,0,7889,0,79045,87086
hsat3_20_3,0,0,0,0,305,0,4,0,0,0,0,0,0,0,0,0,61,0,0,16,0,0,0,0,0,0,0,0,0,371,0,0,0,0,0,0,260,0,0,0,0,0,0,0,0,258,0,1104,0,0,0,0,0,0,0,210,117,0,0,0,0,0,0,0,0,0,0,0,82,0,295,0,42,0,39,0,0,0,0,0,0,135,47,0,194,0,57,0,36,0,24,0,30,0,0,0,0,56,0,0,0,0,0,17,0,0,42,0,0,0,0,0,0,0,0,0,3,227,9,0,0,31,0,0,0,0,0,0,0,0,0,0,0,0,0,0,0,0,508726,0,0,25,0,65,3,0,31,252,247,0,23,19,0,0,0,0,125,0,23,0,0,0,313,46,0,76,0,0,0,0,10,202,21,0,52,0,0,0,0,0,0,0,0,0,0,0,0,0,0,2699,0,0,506012,508726
censat_21_1,0,0,0,0,0,0,0,0,0,0,0,0,0,0,0,0,0,1064,0,0,0,0,0,0,0,0,0,0,0,0,0,0,0,0,0,0,0,0,0,0,0,0,0,0,0,0,0,0,0,0,0,0,0,0,0,0,0,0,0,0,0,0,0,0,0,0,0,0,0,0,0,0,0,0,0,0,0,0,4620,0,0,0,0,0,0,0,0,0,0,0,0,0,0,0,0,0,0,0,0,0,1303,0,0,0,0,0,0,0,0,0,0,0,0,0,0,0,0,0,0,0,0,0,0,0,0,0,0,0,0,0,0,0,0,0,0,0,0,0,0,26480,0,0,0,0,0,0,0,0,0,0,0,0,0,0,3658,0,0,0,0,1220,0,0,0,0,0,0,0,0,0,0,0,0,0,0,0,0,0,0,0,0,0,0,14891,888,0,0,0,0,0,0,0,0,10254,26480
bsat_21_1,0,0,0,0,0,3036,0,0,0,0,0,0,0,0,0,0,0,0,0,0,0,0,0,0,0,0,0,0,0,0,0,0,0,0,0,0,0,0,0,0,0,0,0,0,0,0,11,0,0,0,0,0,0,0,0,0,0,0,0,0,0,0,0,0,0,0,0,0,0,2099,0,0,0,0,0,0,0,0,0,0,100823,0,0,2031,0,2206,0,3311,0,0,0,0,0,0,0,0,110351,0,0,0,0,1953,0,0,0,0,0,0,0,0,0,0,0,0,0,0,0,0,0,0,0,0,0,0,0,0,0,0,0,0,0,0,0,0,0,0,0,0,0,0,341120,0,0,0,0,3012,0,0,0,0,0,0,0,0,0,159572,0,0,0,0,2308,0,0,0,11795,0,0,0,2858,0,0,0,0,0,0,0,0,0,0,0,0,200508,0,0,0,0,0,0,0,0,0,0,139552,341120
hsat3_21_2,0,0,0,0,19,0,0,0,0,0,0,0,0,0,0,0,19,0,0,0,0,0,0,0,0,0,0,0,0,38,0,0,0,0,0,0,33,0,0,0,0,0,0,0,0,24,0,189,0,0,0,0,0,0,0,63,41,0,0,0,0,0,0,0,0,0,0,0,16,0,125,0,21,0,0,0,0,0,0,0,0,3344,0,0,56,0,5,0,5,0,24,0,0,0,0,0,0,53567,0,0,0,0,0,0,0,0,0,0,0,0,0,0,0,0,0,0,0,22,15,0,0,0,0,0,0,0,0,0,0,0,0,0,0,0,0,0,0,0,25,0,0,83155,0,2,0,0,13,48,128,0,0,0,0,0,0,0,3346,0,0,0,0,0,32,2,0,3,0,0,0,0,0,9,10,0,4,0,0,0,0,0,0,0,0,0,0,0,0,0,0,54795,0,0,28360,83155
hsat1_21_1,0,0,0,0,0,0,0,0,0,0,0,0,0,0,8936,33168,0,0,0,0,0,0,0,0,0,0,0,0,0,0,0,0,0,0,0,0,0,0,0,0,0,0,0,0,0,0,0,0,0,0,0,0,0,0,0,0,0,0,0,0,0,0,0,0,0,0,0,63007,0,0,0,0,0,0,0,0,0,0,0,0,0,0,0,0,0,0,0,0,0,0,0,0,0,0,0,0,0,0,24764,0,0,0,0,0,0,0,0,0,0,0,0,0,0,0,0,0,0,0,0,0,0,0,0,0,0,0,0,0,0,0,0,0,0,0,0,0,0,0,0,0,0,0,194951,0,0,0,0,0,0,0,0,0,11,0,0,0,0,34294,0,0,0,0,0,0,0,0,0,0,0,0,0,0,0,0,0,0,0,0,0,0,0,0,0,0,0,0,0,76613,0,0,0,0,118336,194951
hsat3_21_3,0,0,0,0,32,0,15,0,0,0,0,0,0,0,0,0,75840,0,0,15266,0,0,0,0,0,0,0,0,0,42,0,0,0,0,0,0,19,0,0,0,0,0,0,0,0,7,0,292,0,0,0,0,0,0,0,40,29,0,0,0,0,0,0,0,0,0,0,0,128690,0,11,0,13956,0,12,0,0,0,0,0,0,2,56078,0,26,0,14,0,48,0,0,0,16,0,0,0,0,2,0,48281,0,0,0,0,0,0,0,0,0,0,0,0,0,0,0,0,0,0,0,0,0,5,0,0,0,0,0,0,0,0,0,0,0,0,0,0,0,0,65,0,0,2,0,143507,52,0,8,16,10,0,0,0,0,0,0,0,4,0,48387,0,0,0,23,8934,0,46,16,0,0,0,3,23,11,0,10,0,0,0,0,0,0,0,0,0,0,0,0,0,0,133413,0,0,10055,143507
hsat3_21_4,0,0,0,0,0,0,14596,0,0,0,0,0,0,0,0,0,101,0,0,211,0,0,0,0,0,0,0,0,0,5,0,0,0,0,0,0,0,0,0,0,0,0,0,0,0,4,0,11,0,0,0,0,0,0,0,0,5785,0,0,0,0,0,0,0,0,0,0,0,50,0,0,0,239,0,2,0,0,0,0,0,0,4,121,0,0,0,0,0,17873,0,0,0,10,0,0,0,0,0,0,163,0,0,0,0,0,0,0,0,0,0,0,0,0,0,0,0,0,0,0,0,0,0,0,0,0,0,0,0,0,0,0,0,0,0,0,0,0,0,3,0,0,0,0,52,187014,0,0,0,52,0,0,0,0,0,0,0,1,0,165,0,0,0,3,0,0,166,8,0,0,0,2,6,5,0,6,0,0,0,0,0,0,0,0,0,0,0,0,0,1,34137,0,0,152869,187014
bsat_21_7,0,0,0,0,0,39793,0,0,0,0,0,0,0,0,0,0,0,0,0,0,0,0,0,0,0,0,0,0,0,0,0,0,0,0,0,0,0,0,0,0,0,0,0,0,0,0,100,0,0,0,0,0,0,0,0,0,0,0,0,0,0,0,0,0,0,0,0,0,0,3238,0,0,0,0,0,0,0,0,0,0,2471,0,0,3263,0,2968,0,41223,0,0,0,0,0,0,0,0,2667,0,0,0,0,3209,0,0,0,0,0,0,0,0,0,0,0,0,0,0,0,0,0,0,0,0,0,0,0,0,0,0,0,0,0,0,0,0,0,0,0,0,0,0,3012,0,0,0,0,306567,0,0,0,0,0,0,0,0,0,3035,0,0,0,0,3661,0,0,0,2128,0,0,0,3786,0,0,0,0,0,0,0,0,0,0,0,0,69548,0,0,0,0,0,0,0,0,0,0,235813,306567
hsat3_21_5,0,0,0,0,39,0,0,0,0,0,0,0,0,0,0,0,8,0,0,8,0,0,0,0,0,0,0,0,0,26,0,0,0,0,0,0,15,0,0,0,0,0,0,0,0,47,0,38,0,0,0,0,0,0,0,24,10,0,0,0,0,0,0,0,0,0,0,0,13,0,46,0,17,0,0,0,0,0,0,0,0,0,8,0,51,0,3077,0,2,0,0,0,0,0,0,0,0,7,0,8,0,0,0,0,0,0,9,0,0,0,0,0,0,0,0,0,0,23,4,0,0,0,0,0,0,0,0,0,0,0,0,0,0,0,0,0,0,0,31,0,0,13,0,8,0,0,99747,10,73,0,0,0,0,0,0,0,6,0,15,0,0,0,7,38,0,9,0,0,0,0,0,18,0,0,0,0,0,0,0,0,0,0,0,0,0,0,0,0,0,5111,0,0,94607,99747
hsat3_21_6,0,0,0,0,94,0,3,0,0,0,0,0,0,0,0,0,17,0,0,3,0,0,0,0,0,0,0,0,0,152,0,0,0,0,0,0,74,0,0,0,0,0,0,0,0,107,0,249,0,0,0,0,0,0,0,58,28,0,0,0,0,0,0,0,0,0,0,0,70,0,1150,0,4,0,11,0,0,0,0,0,0,73,0,0,1122,0,32,0,12,0,29,0,0,0,0,0,0,70,0,2,0,0,0,1,0,0,6,0,0,0,0,0,0,0,0,0,0,94,0,0,0,14,0,0,0,0,0,0,0,0,0,0,0,0,0,0,0,0,252,0,0,48,0,16,0,0,10,104895,131,0,3,0,0,0,0,0,104,0,5,0,0,0,1147,22,0,21,0,0,0,0,0,51,0,0,0,0,0,0,0,0,0,0,0,0,0,0,0,0,0,2971,0,0,101921,104895
hsat3_21_8,0,0,0,0,111,0,0,0,0,0,0,0,0,0,0,0,12,0,0,0,0,0,0,0,0,0,0,0,0,163,0,0,0,0,0,0,92,0,0,0,0,0,0,0,0,150,0,417,0,0,0,0,0,0,0,97,21,0,0,0,0,0,0,0,0,0,0,0,20,0,208,0,24,0,25,0,0,0,0,0,0,184,0,0,207,0,82,0,164,0,0,0,0,0,0,0,0,149,0,5,0,0,0,12,0,0,3,0,0,0,0,0,0,0,0,0,3,79,2,0,0,28,0,0,0,0,0,0,0,0,0,0,0,0,0,0,0,0,247,0,0,128,0,10,52,0,73,131,242968,0,7,0,0,0,0,0,184,0,6,0,0,0,161,29,0,23,9,0,0,0,0,36,6,0,8,0,0,0,0,0,0,0,0,74,0,0,0,0,0,12743,0,0,230131,242968
mon_21_2,0,0,0,0,0,0,0,0,0,0,19,0,0,0,0,0,0,0,0,0,0,0,0,0,0,0,8,0,0,0,0,0,2,0,0,11,0,0,0,1,0,0,0,0,0,0,0,0,0,0,5,0,0,0,2,0,0,0,0,0,0,10,0,0,0,0,25,0,0,0,0,0,0,113142,0,0,0,0,0,0,0,0,0,0,0,0,0,0,0,86339,0,17393,0,592,0,0,0,0,0,0,0,0,0,0,29713,17,0,74,1691,0,0,0,0,0,4,0,0,0,0,0,0,0,0,0,0,3,0,0,0,15,0,0,0,17,80,0,119,1811,0,0,0,0,0,0,0,0,0,0,0,118353,0,0,0,0,0,0,0,0,0,0,0,0,0,0,0,0,0,0,0,0,0,0,0,16837,0,671,0,0,21,0,4,0,0,0,0,0,106,0,0,0,114840,0,3403,118353
hsat3_21_14,0,0,0,0,13,0,0,0,0,0,0,0,0,0,0,0,0,0,0,0,0,0,0,0,0,0,0,0,0,7,0,0,0,0,0,0,17,0,0,0,0,0,0,0,0,7,0,62,0,0,0,0,0,0,0,1,0,0,0,0,0,0,0,0,0,0,0,0,0,0,0,0,2,0,97338,0,0,0,0,0,0,5,0,0,2,0,0,0,0,0,0,0,0,0,0,0,0,0,0,0,0,0,0,0,0,0,3584,0,0,0,0,0,0,0,0,0,0,0,0,0,0,0,0,0,0,0,0,0,0,0,0,0,0,0,0,0,0,0,23,0,0,0,0,0,0,0,0,3,7,0,117630,0,0,0,0,0,0,0,0,0,0,0,26,0,0,0,0,0,0,0,0,2,0,0,4,0,0,0,0,0,0,0,0,0,0,0,0,0,0,105816,0,0,11813,117630
hsat3_21_17,0,0,0,0,0,0,0,0,0,0,0,0,0,0,0,0,0,0,0,0,0,0,0,0,0,0,0,0,0,0,0,0,0,0,0,0,5,0,0,0,0,0,0,0,0,26,0,8,0,0,0,0,0,0,0,0,0,0,0,0,0,0,0,0,0,0,0,0,0,0,0,0,31,0,0,0,0,0,0,0,0,0,5,0,18,0,0,0,0,0,0,0,1307,0,0,0,0,0,0,0,0,0,0,0,0,0,0,0,0,0,0,0,0,0,0,0,0,0,0,0,0,2,0,0,0,0,0,0,0,0,0,0,0,0,0,0,0,0,19,0,0,0,0,0,0,0,0,0,0,0,0,64487,0,0,0,0,0,0,0,0,0,0,0,0,0,0,1,0,0,0,0,0,0,0,1520,0,0,0,0,0,0,0,0,0,0,0,0,0,0,53689,0,0,10798,64487
hsat1_21_4,0,0,0,0,0,0,0,0,0,0,0,0,0,0,9,42,0,0,0,0,0,54,0,22,0,0,0,0,0,0,0,0,0,0,0,0,0,0,0,0,0,0,0,0,0,0,0,0,0,0,0,0,0,0,0,0,0,0,0,0,0,0,0,0,0,0,0,42,0,0,0,0,0,0,0,0,12745,0,0,0,0,0,0,0,0,0,0,0,0,0,0,0,0,0,0,0,0,0,9,0,0,0,85,0,0,0,0,0,0,0,0,0,0,0,0,0,0,0,0,0,0,0,0,0,0,0,0,0,0,0,0,0,0,0,0,0,0,0,0,0,0,0,11,0,0,0,0,0,0,0,0,0,73859,0,0,0,0,42,0,0,0,86,0,0,0,0,0,0,0,0,0,0,0,0,0,0,0,0,0,0,0,0,0,0,0,0,0,15467,0,0,0,0,58392,73859
hor_21_3,0,0,0,0,0,0,0,0,0,0,0,0,0,0,0,0,0,0,0,0,0,0,0,0,0,0,0,0,0,0,0,0,0,0,0,0,0,0,0,0,0,0,0,0,0,0,0,0,0,0,0,0,0,0,0,0,0,0,0,0,0,0,0,0,0,0,0,0,0,0,0,0,0,0,0,0,0,3908,0,0,0,0,0,0,0,0,0,0,0,0,0,0,0,0,6,0,0,0,0,0,0,0,0,0,0,0,0,0,0,0,10,0,0,0,0,0,0,0,0,0,0,0,0,0,0,0,0,0,0,0,0,0,0,0,0,0,0,0,0,0,0,0,0,0,0,0,0,0,0,0,0,0,0,26427,0,0,0,0,0,0,0,0,0,0,0,0,0,0,0,0,0,0,0,0,0,0,6,0,0,0,0,0,0,0,325,0,5148,0,0,0,0,0,20881,26427
censat_22_1,0,0,0,0,0,0,0,0,0,0,0,0,0,0,0,0,0,1401,0,0,0,0,0,0,0,0,0,0,0,0,0,0,0,0,0,0,0,0,0,0,0,0,0,0,0,0,0,0,0,0,0,0,0,0,0,0,0,0,0,0,0,0,0,0,0,0,0,0,0,0,0,0,0,0,0,0,0,0,4788,0,0,0,0,0,0,0,0,0,0,0,0,0,0,0,0,0,0,0,0,0,1632,0,0,0,0,0,0,0,0,0,0,0,0,0,0,0,0,0,0,0,0,0,0,0,0,0,0,0,0,0,0,0,0,0,0,0,0,0,0,3658,0,0,0,0,0,0,0,0,0,0,0,0,0,0,13199,0,0,0,0,1516,0,0,0,0,0,0,0,0,0,0,0,0,0,0,0,0,0,0,0,0,0,0,4891,715,0,0,0,0,0,0,0,0,7347,13199
bsat_22_1,0,0,0,0,0,3117,0,0,0,0,0,0,0,0,0,0,0,0,0,0,0,0,0,0,0,0,0,0,0,0,0,0,0,0,0,0,0,0,0,0,0,0,0,0,0,0,41,0,0,0,0,0,0,0,0,0,0,0,0,0,0,0,0,0,0,0,0,0,0,2203,0,0,0,0,0,0,0,0,0,0,123738,0,0,2109,0,2195,0,3340,0,0,0,0,0,0,0,0,153779,0,0,0,0,2087,0,0,0,0,0,0,0,0,0,0,0,0,0,0,0,0,0,0,0,0,0,0,0,0,0,0,0,0,0,0,0,0,0,0,0,0,0,0,159572,0,0,0,0,3035,0,0,0,0,0,0,0,0,0,691279,0,0,0,0,2335,0,0,0,13189,0,0,0,2855,0,0,0,0,0,0,0,0,0,0,0,0,266754,0,0,0,0,0,0,0,12,0,0,423381,691279
hsat3_22_2,0,0,0,0,20,0,0,0,0,0,0,0,0,0,0,0,28,0,0,1,0,0,0,0,0,0,0,0,0,131,0,0,0,0,0,0,46,0,0,0,0,0,0,0,0,84,0,531,0,0,0,0,0,0,0,56,43,0,0,0,0,0,0,0,0,0,0,0,19,0,137,0,0,0,8,0,0,0,0,0,0,3416,0,0,157,0,4,0,3,0,36,0,0,0,0,0,0,3671,0,9,0,0,0,6,0,0,0,0,0,0,0,0,0,0,0,0,0,60,19,0,0,3,0,0,0,0,0,0,0,0,0,0,0,0,0,0,0,0,125,0,0,3346,0,4,1,0,6,104,184,0,0,0,0,0,0,0,134258,0,4,0,0,0,97,0,0,1,0,0,0,0,0,23,5,0,9,0,0,0,0,0,0,0,0,0,0,0,0,0,0,37126,0,0,97132,134258
hsat1_22_1,0,0,0,0,0,0,0,0,0,0,0,0,0,0,10583,39701,0,0,0,0,0,0,0,0,0,0,0,0,0,0,0,0,0,0,0,0,0,0,0,0,0,0,0,0,0,0,0,0,0,0,0,0,0,0,0,0,0,0,0,0,0,0,0,0,0,0,0,120804,0,0,0,0,0,0,0,0,0,0,0,0,0,0,0,0,0,0,0,0,0,0,0,0,0,0,0,0,0,0,29836,0,0,0,0,0,0,0,0,0,0,0,0,0,0,0,0,0,0,0,0,0,0,0,0,0,0,0,0,0,0,0,0,0,0,0,0,0,0,0,0,0,0,0,34294,0,0,0,0,0,0,0,0,0,42,0,0,0,0,241490,0,0,0,0,0,0,0,0,0,0,0,0,0,0,0,0,0,0,0,0,0,0,0,0,0,0,0,0,0,136390,0,0,0,0,105100,241490
hsat3_22_3,0,0,0,0,31,0,82,0,0,0,0,0,0,0,0,0,59731,0,0,12782,0,0,0,0,0,0,0,0,0,7,0,0,0,0,0,0,43,0,0,0,0,0,0,0,0,9,0,109,0,0,0,0,0,0,0,18,94,0,0,0,0,0,0,0,0,0,0,0,48492,0,7,0,12096,0,0,0,0,0,0,0,0,0,39925,0,27,0,5,0,25,0,0,0,1,0,0,0,0,0,0,85563,0,0,0,4,0,0,0,0,0,0,0,0,0,0,0,0,0,15,0,0,0,9,0,0,0,0,0,0,0,0,0,0,0,0,0,0,0,0,23,0,0,0,0,48387,165,0,15,5,6,0,0,0,0,0,0,0,4,0,96342,0,0,0,21,7136,0,34,3,0,0,0,0,6,0,0,7,0,0,0,0,0,0,0,0,0,0,0,0,0,0,89513,0,0,6784,96342
censat_22_7,0,0,0,0,0,0,0,0,0,0,0,0,0,0,0,0,0,5561,0,0,0,0,0,0,0,0,0,0,0,0,0,0,0,0,0,0,0,0,0,0,0,0,0,0,0,0,0,0,0,0,0,0,0,0,0,0,0,0,0,0,0,0,0,0,0,0,0,0,0,0,0,0,0,0,0,0,0,0,1672,0,0,0,0,0,0,0,0,0,0,0,0,0,0,0,0,0,0,0,0,0,6558,0,0,0,0,0,0,0,0,0,0,0,0,0,0,0,0,0,0,0,0,0,0,0,0,0,0,0,0,0,0,0,0,0,0,0,0,0,0,1220,0,0,0,0,0,0,0,0,0,0,0,0,0,0,1516,0,0,0,0,19450,0,0,0,0,0,0,0,0,0,0,0,0,0,0,0,0,0,0,0,0,0,0,7084,1079,0,0,0,0,0,0,0,0,11033,19450
bsat_22_6,0,0,0,0,0,4202,0,0,0,0,0,0,0,0,0,0,0,0,0,0,0,0,0,0,0,0,0,0,0,0,0,0,0,0,0,0,0,0,0,0,0,0,0,0,0,0,72,0,0,0,0,0,0,0,0,0,0,0,0,0,0,0,0,0,0,0,0,0,0,5237,0,0,0,0,0,0,0,0,0,0,1959,0,0,5184,0,3492,0,4102,0,0,0,0,0,0,0,0,2156,0,0,0,0,5212,0,0,0,0,0,0,0,0,0,0,0,0,0,0,0,0,0,0,0,0,0,0,0,0,0,0,0,0,0,0,0,0,0,0,0,0,0,0,2308,0,0,0,0,3661,0,0,0,0,0,0,0,0,0,2335,0,0,0,0,214547,0,0,0,1612,0,0,0,2968,0,0,0,0,0,0,0,0,0,0,0,0,11509,0,462,0,0,0,0,0,0,0,0,199830,214547
hsat1_22_2,0,0,0,0,0,0,0,0,0,0,0,0,0,0,0,0,0,0,0,0,0,0,0,0,0,0,0,0,0,0,0,0,0,0,0,0,0,0,0,0,0,0,0,0,0,0,0,0,0,0,0,0,0,0,0,0,0,0,0,0,0,0,0,0,0,0,0,0,0,0,0,0,0,0,0,0,59,0,0,0,0,0,0,0,0,0,0,0,0,0,0,0,0,0,0,0,0,0,0,0,0,0,162,0,0,0,0,0,0,0,0,0,0,0,0,0,0,0,0,0,0,0,0,0,0,0,0,0,0,0,0,0,0,0,0,0,0,0,0,0,0,0,0,0,0,0,0,0,0,0,0,0,86,0,0,0,0,0,0,0,0,68641,0,0,0,0,0,0,0,0,0,0,0,0,0,0,0,0,0,0,0,0,0,24,0,0,0,620,0,0,0,0,67997,68641
hsat3_22_8,0,0,0,0,164,0,0,0,0,0,0,0,0,0,0,0,11,0,0,5,0,0,0,0,0,0,0,0,0,237,0,0,0,0,0,0,81,0,0,0,0,0,0,0,0,199,0,532,0,0,0,0,0,0,0,121,25,0,0,0,0,0,0,0,0,0,0,0,57,0,1163,0,0,0,1,0,0,0,0,0,0,50,3,0,1396,0,17,0,18,0,7,0,0,0,0,0,0,53,0,12,0,0,0,24,0,0,5,0,0,0,0,0,0,0,0,0,31,69,0,0,0,11,0,0,0,0,0,0,0,0,0,0,0,0,0,0,0,0,313,0,0,32,0,23,3,0,7,1147,161,0,26,0,0,0,0,0,97,0,21,0,0,0,202376,11,0,13,0,0,0,0,0,120,11,0,20,0,0,0,0,0,0,0,0,0,0,0,0,0,0,3953,0,0,198417,202376
hsat3_22_9,0,0,0,0,6,0,0,0,0,0,0,0,0,0,0,0,7794,0,0,11370,0,0,0,0,0,0,0,0,0,4,0,0,0,0,0,0,0,0,0,0,0,0,0,0,0,13,0,107,0,0,0,0,0,0,0,21,0,0,0,0,0,0,0,0,0,0,0,0,8829,0,26,0,9799,0,0,0,0,0,0,0,0,0,4345,0,37,0,0,0,0,0,0,0,0,0,0,0,0,0,0,7053,0,0,0,0,0,0,0,0,0,0,0,0,0,0,0,0,0,36,0,0,0,0,0,0,0,0,0,0,0,0,0,0,0,0,0,0,0,0,46,0,0,2,0,8934,0,0,38,22,29,0,0,0,0,0,0,0,0,0,7136,0,0,0,11,97510,0,0,0,0,0,0,0,5,0,0,10,0,0,0,0,0,0,0,0,0,0,0,0,0,0,20894,0,0,76616,97510
bsat_22_8,0,0,0,0,0,2256,0,0,0,0,0,0,0,0,0,0,0,0,0,0,0,0,0,0,0,0,0,0,0,0,0,0,0,0,0,0,0,0,0,0,0,0,0,0,0,0,38,0,0,0,0,0,0,0,0,0,0,0,0,0,0,0,0,0,0,0,0,0,0,1325,0,0,0,0,0,0,0,0,0,0,8412,0,0,1260,0,1561,0,2075,0,0,0,0,0,0,0,0,11629,0,0,0,0,1257,0,0,0,0,0,0,0,0,0,0,0,0,0,0,0,0,0,0,0,0,0,0,0,0,0,0,0,0,0,0,0,0,0,0,0,0,0,0,11795,0,0,0,0,2128,0,0,0,0,0,0,0,0,0,13189,0,0,0,0,1612,0,0,0,102290,0,0,0,1844,0,0,0,0,0,0,0,0,0,0,0,0,17711,0,0,0,0,0,0,0,0,0,0,83873,102290
hsat3_22_10,0,0,0,0,40,0,40,0,0,0,0,0,0,0,0,0,76,0,0,37,0,0,0,0,0,0,0,0,0,20,0,0,0,0,0,0,45,0,0,0,0,0,0,0,0,50,0,88,0,0,0,0,0,0,0,15,36,0,0,0,0,0,0,0,0,0,0,0,47,0,34,0,75,0,0,0,0,0,0,0,0,4,50,0,37,0,13,0,72,0,0,0,6,0,0,0,0,10,0,34,0,0,0,0,0,0,12,0,0,0,0,0,0,0,0,0,0,17,7,0,0,8,0,0,0,0,0,0,0,0,0,0,0,0,0,0,0,0,76,0,0,3,0,46,166,0,9,21,23,0,0,0,0,0,0,0,1,0,34,0,0,0,13,0,0,287357,0,0,0,0,0,16,0,0,41,0,0,0,0,0,0,0,0,0,0,0,0,0,0,651,0,0,286706,287357
hsat3_22_11,0,0,0,0,0,0,0,0,0,0,0,0,0,0,0,0,7,0,0,2,0,0,0,0,0,0,0,0,0,17,0,0,0,0,0,0,0,0,0,0,0,0,0,0,0,0,0,5,0,0,0,0,0,0,0,0,0,0,0,0,0,0,0,0,0,0,0,0,0,0,0,0,0,0,0,0,0,0,0,0,0,2,3,0,20,0,0,0,217,0,0,0,0,0,0,0,0,1,0,7,0,0,0,0,0,0,0,0,0,0,0,0,0,0,0,0,0,0,0,0,0,0,0,0,0,0,0,0,0,0,0,0,0,0,0,0,0,0,0,0,0,0,0,16,8,0,0,0,9,0,0,1,0,0,0,0,0,0,3,0,0,0,0,0,0,0,134452,0,0,0,0,0,0,0,6,0,0,0,0,0,0,0,0,9,0,0,0,0,0,2904,0,0,131539,134452
hor_22_2,0,0,0,0,0,0,0,0,0,0,0,0,0,0,0,0,0,0,0,0,0,0,0,0,0,0,0,0,0,0,0,0,0,0,0,0,0,0,0,0,0,0,0,0,0,0,0,0,0,0,0,0,0,0,0,0,0,0,0,0,0,0,0,0,0,0,0,0,0,0,0,0,0,0,0,0,0,0,0,0,0,0,0,0,0,0,0,0,0,0,0,0,0,0,0,0,0,0,0,0,0,0,0,0,0,0,0,0,0,0,0,0,0,0,0,0,0,0,0,0,0,0,0,0,0,0,0,0,0,0,0,0,0,0,0,0,0,0,0,0,0,0,0,0,0,0,0,0,0,0,0,0,0,0,0,0,0,0,0,0,0,0,0,0,0,0,0,5644,0,2088,0,0,0,0,0,0,0,0,0,0,0,0,0,0,0,0,4332,0,0,0,0,0,1242,5644
bsat_22_12,0,0,0,0,0,12621,0,0,0,0,0,0,0,0,0,0,0,0,0,0,0,0,0,0,0,0,0,0,0,0,0,0,0,0,0,0,0,0,0,0,0,0,0,0,0,0,56,0,0,0,0,0,0,0,0,0,0,0,0,0,0,0,0,0,0,0,0,0,0,2450,0,0,0,0,0,0,0,0,0,0,2383,0,0,2363,0,35868,0,4128,0,0,0,0,0,0,0,0,2578,0,0,0,0,2389,0,0,0,0,0,0,0,0,0,0,0,0,0,0,0,0,0,0,0,0,0,0,0,0,0,0,0,0,0,0,0,0,0,0,0,0,0,0,2858,0,0,0,0,3786,0,0,0,0,0,0,0,0,0,2855,0,0,0,0,2968,0,0,0,1844,0,0,0,309778,0,0,0,0,0,0,0,0,0,0,0,0,48126,0,0,0,0,0,0,0,0,0,0,260535,309778
hor_22_6,0,0,0,0,0,0,0,0,0,0,0,0,0,0,0,0,0,0,0,0,0,0,0,0,0,0,0,0,0,0,0,0,0,0,0,0,0,0,0,0,0,0,0,0,0,0,0,0,0,0,0,0,0,0,0,0,0,0,0,0,0,0,0,0,0,0,0,0,0,0,0,0,0,0,0,0,0,0,0,0,0,0,0,0,0,0,0,0,0,0,0,0,0,3,0,0,0,0,0,0,0,0,0,0,0,0,0,0,0,0,0,0,0,0,0,0,0,0,0,0,0,0,0,0,0,0,0,0,0,0,0,0,0,0,0,0,0,49,0,0,0,0,0,0,0,0,0,0,0,0,0,0,0,0,0,0,0,0,0,0,0,0,0,0,0,0,0,2088,0,50955,0,0,0,0,0,3,0,0,0,0,0,0,0,0,0,0,2987,0,0,0,106,0,47772,50955
hsat3_22_15,0,0,0,0,0,0,0,0,0,0,0,0,0,0,0,0,0,0,0,0,0,0,0,0,0,0,0,0,0,2,0,0,0,0,0,0,0,0,0,0,0,0,0,0,0,0,0,6,0,0,0,0,0,0,0,0,0,0,0,0,0,0,0,0,0,0,0,0,0,0,0,0,0,0,3,0,0,0,0,0,0,0,0,0,7,0,0,0,0,0,12,0,3,0,0,0,0,0,0,0,0,0,0,0,0,0,150,0,0,0,0,0,0,0,0,0,0,0,0,0,0,0,0,0,0,0,0,0,0,0,0,0,0,0,0,0,0,0,10,0,0,0,0,3,2,0,0,0,0,0,0,0,0,0,0,0,0,0,0,0,0,0,0,0,0,0,0,0,0,0,101560,0,9,0,0,0,0,0,0,0,0,0,0,0,0,0,0,0,0,51558,0,0,50002,101560
hsat3_22_17,0,0,0,0,539,0,13,0,0,0,0,0,0,0,0,0,2,0,0,5,0,0,0,0,0,0,0,0,0,85,0,0,0,0,0,0,58,0,0,0,0,0,0,0,0,137,0,299,0,0,0,0,0,0,0,460,424,0,0,0,0,0,0,0,0,0,0,0,4,0,121,0,2,0,2,0,0,0,0,0,0,26,0,0,85,0,33,0,4,0,0,0,17,0,0,0,0,19,0,0,0,0,0,1,0,0,0,0,0,0,0,0,0,0,0,0,6,72,0,0,0,2,0,0,0,0,0,0,0,0,0,0,0,0,0,0,0,0,202,0,0,9,0,23,6,0,18,51,36,0,2,0,0,0,0,0,23,0,6,0,0,0,120,5,0,16,0,0,0,0,0,65789,0,0,7,0,0,0,0,0,0,0,0,0,0,0,0,0,0,15638,0,0,50145,65789
hsat3_22_19,0,0,0,0,2,0,0,0,0,0,0,0,0,0,0,0,10,0,0,0,0,0,0,0,0,0,0,0,0,2,0,0,0,0,0,0,2,0,0,0,0,0,0,0,0,17,0,62,0,76,0,0,0,0,0,10,0,0,0,0,0,0,0,0,0,0,0,0,0,0,0,0,0,0,1,0,0,0,0,0,0,0,0,0,0,0,3,0,0,0,53301,0,0,0,0,0,0,7,0,10,0,0,0,271,0,0,31,0,0,0,0,0,0,0,0,0,0,0,48,0,0,209,0,0,0,0,0,0,0,0,0,0,0,0,0,0,0,0,21,0,0,10,0,11,5,0,0,0,6,0,0,0,0,0,0,0,5,0,0,0,0,0,11,0,0,0,0,0,0,0,9,0,107431,0,0,0,0,0,0,0,0,0,0,0,0,0,0,0,0,54186,0,0,53238,107431
mon_22_7,0,0,0,0,0,0,0,0,0,0,0,0,0,0,0,0,0,0,0,0,0,0,0,0,0,0,0,0,0,0,0,0,10,0,0,51,0,7,0,7,0,0,0,0,0,0,0,0,0,0,8,0,0,0,0,0,0,0,0,14,0,0,0,0,0,0,24,0,0,0,0,0,0,16818,0,0,0,0,0,0,0,0,0,0,0,0,0,0,0,17258,0,101951,0,721,0,0,0,0,0,0,0,0,0,0,17836,82,0,46,1739,8,0,0,0,0,4,0,0,0,0,0,0,0,0,0,0,3,0,0,0,3,0,0,0,196,77,0,341,2438,0,0,0,0,0,0,0,0,0,0,0,16837,0,0,0,0,0,0,0,0,0,0,0,0,0,0,0,0,0,0,0,0,0,0,0,148310,0,818,0,0,22,0,40,0,0,0,0,0,414,0,0,0,107651,0,40226,148310
hsat3_22_20,0,0,0,0,22,0,15,0,0,0,0,0,0,0,0,0,0,0,0,5,0,0,0,0,0,0,0,0,0,19,0,0,0,0,0,0,12,0,0,0,0,0,0,0,0,47,0,145,0,0,0,0,0,0,0,1,0,0,0,0,0,0,0,0,0,0,0,0,1,0,1,0,10,0,4,0,0,0,0,0,0,0,0,0,0,0,0,0,0,0,0,0,53687,0,0,0,0,4,0,0,0,0,0,0,0,0,5,0,0,0,0,0,0,0,0,0,0,6,0,0,0,0,0,0,0,0,0,0,0,0,0,0,0,0,0,0,0,0,52,0,0,4,0,10,6,0,0,0,8,0,4,1520,0,0,0,0,9,0,7,0,0,0,20,10,0,41,6,0,0,0,0,7,0,0,99607,0,0,0,0,0,0,0,0,0,0,0,0,0,0,56720,0,0,42886,99607
mon_22_9,0,0,0,0,0,0,0,0,0,0,3,0,0,0,0,0,0,0,0,0,0,0,0,0,0,0,0,0,0,0,0,0,18,0,0,46,0,14,0,14,0,2,0,0,0,0,0,0,0,0,7,0,0,0,0,0,0,0,2,0,0,0,0,0,0,0,31,0,0,0,0,0,0,630,0,0,0,0,0,0,0,0,0,0,0,0,0,0,0,662,0,711,0,71430,0,0,0,0,0,0,0,0,0,0,854,75,0,0,819,0,0,0,0,0,5,0,0,0,0,0,0,0,0,0,0,3,0,0,0,30,0,0,0,102,133,0,116,387,0,0,0,0,0,0,0,0,0,0,0,671,0,0,0,0,0,0,0,0,0,0,0,0,0,0,0,0,0,0,0,3,0,0,0,818,0,103576,0,0,29,0,41,0,0,0,1,0,127,0,0,0,76610,0,26812,103576
hor_22_9,0,0,0,0,0,0,0,0,0,0,0,0,0,0,0,0,0,0,0,0,0,0,0,0,0,0,0,0,0,0,0,0,0,0,0,0,0,0,0,0,0,0,0,0,0,0,0,0,0,0,0,0,0,0,0,0,0,0,0,0,0,0,0,0,0,0,0,0,0,0,0,0,0,0,0,0,0,0,0,0,0,0,0,0,0,0,0,0,0,0,0,0,0,0,30448,0,0,0,0,0,0,0,0,0,0,0,0,0,0,0,3,0,0,0,0,0,0,0,0,0,0,0,0,0,0,0,0,0,0,0,0,0,0,0,0,0,0,0,0,0,0,0,0,0,0,0,0,0,0,0,0,0,0,6,0,0,0,0,0,0,0,0,0,0,0,0,0,0,0,0,0,0,0,0,0,0,262839,0,0,0,0,0,0,0,271,0,28818,0,0,0,0,0,233750,262839
censat_22_49,0,0,0,0,0,0,0,0,0,0,0,0,0,0,0,0,0,0,0,0,0,0,0,0,0,0,0,0,0,0,0,0,0,0,0,0,0,0,0,0,0,0,0,0,0,0,0,0,0,0,0,0,0,0,0,0,0,0,0,0,0,0,0,0,0,0,0,0,0,0,0,0,0,0,0,0,0,0,0,0,0,0,0,0,0,0,0,0,0,0,0,0,0,0,0,85561,0,0,0,0,0,0,0,0,0,0,0,0,0,0,0,0,0,0,0,0,0,0,0,0,0,0,0,0,0,0,0,0,0,0,0,0,0,0,0,0,0,0,0,0,0,0,0,0,0,0,0,0,0,0,0,0,0,0,0,0,0,0,0,0,0,0,0,0,0,0,0,0,0,0,0,0,0,0,0,0,0,116692,0,0,0,0,85559,0,0,0,0,0,0,0,0,0,31130,116692
mon_X_5,0,0,0,0,0,0,0,0,0,0,26,0,0,0,0,0,0,0,0,0,0,0,0,0,0,0,25,0,0,0,0,0,8,0,0,28,0,0,0,3,0,1,0,0,0,0,0,0,0,0,9,0,0,0,5,0,0,0,3,0,0,18,0,0,0,0,23,0,0,0,0,0,0,21,0,0,0,0,0,0,0,0,0,0,0,0,0,0,0,20,0,19,0,28,0,0,0,0,0,0,0,0,0,0,22,0,0,0,0,0,0,0,0,0,2,0,0,0,0,0,0,0,0,0,0,0,0,0,0,29,0,0,0,3,27,0,0,0,0,0,0,0,0,0,0,0,0,0,0,21,0,0,0,0,0,0,0,0,0,0,0,0,0,0,0,0,0,0,0,0,0,0,0,22,0,29,0,0,204163,85,43,0,0,0,9,0,85,0,0,0,155,0,203882,204163
hor_X_1,0,0,0,0,0,0,0,0,0,0,0,0,0,0,0,0,0,0,0,0,0,0,0,0,0,0,0,0,0,0,0,0,0,0,0,0,0,0,0,0,0,0,0,0,0,0,0,0,0,0,0,0,0,0,0,0,0,0,0,0,0,0,0,0,0,0,0,0,0,0,0,0,0,0,0,0,0,0,0,0,0,0,0,0,0,0,0,0,0,0,0,0,0,0,0,0,0,0,0,0,0,0,0,0,0,1,0,0,0,0,0,0,0,0,0,0,0,0,0,0,0,0,0,0,0,0,0,0,0,0,0,0,0,0,0,0,0,0,0,0,0,0,0,0,0,0,0,0,0,0,0,0,0,0,0,0,0,0,0,0,0,0,0,0,0,0,0,0,0,0,0,0,0,0,0,0,0,0,85,286505,27,0,0,0,45,0,46,0,0,0,82,1,286285,286505
mon_X_6,0,0,0,0,0,0,0,0,0,0,23,0,0,0,0,0,0,0,0,0,0,0,0,0,0,0,35,0,0,0,25,0,23,0,30,63,0,44,0,55,0,42,23,0,0,0,0,0,0,0,68,0,0,0,0,0,0,0,67,45,0,15,0,0,0,13,23,0,0,0,0,0,0,4,0,0,0,0,0,0,0,0,0,0,0,0,0,0,0,0,0,8,0,41,0,0,0,0,0,0,0,0,0,0,5,35,0,0,6,0,0,0,0,0,26,0,0,0,0,0,0,0,0,0,0,5,0,0,0,25,0,0,0,36,49,6,30,9,0,0,0,0,0,0,0,0,0,0,0,4,0,0,0,0,0,0,0,0,0,0,0,0,0,0,0,0,0,0,0,0,0,0,0,40,0,41,0,0,43,27,267491,0,0,0,80,0,63,0,0,0,444,11,266868,267491
